1000 , 0.625621 , 0.374379 , 0.57601 , 0.42399
1001 , 0.627001 , 0.372999 , 0.577455 , 0.422545
1002 , 0.628288 , 0.371712 , 0.578802 , 0.421198
1003 , 0.629481 , 0.370519 , 0.580053 , 0.419947
1004 , 0.630582 , 0.369418 , 0.581207 , 0.418793
1005 , 0.631591 , 0.368409 , 0.582265 , 0.417735
1006 , 0.632509 , 0.367491 , 0.583229 , 0.416771
1007 , 0.633337 , 0.366663 , 0.584098 , 0.415902
1008 , 0.634075 , 0.365925 , 0.584873 , 0.415127
1009 , 0.634724 , 0.365276 , 0.585555 , 0.414445
1010 , 0.635284 , 0.364716 , 0.586143 , 0.413857
1011 , 0.635755 , 0.364245 , 0.586638 , 0.413362
1012 , 0.636139 , 0.363861 , 0.587041 , 0.412959
1013 , 0.636434 , 0.363566 , 0.587352 , 0.412648
1014 , 0.636642 , 0.363358 , 0.58757 , 0.41243
1015 , 0.636762 , 0.363238 , 0.587697 , 0.412303
1016 , 0.636795 , 0.363205 , 0.587731 , 0.412269
1017 , 0.63674 , 0.36326 , 0.587674 , 0.412326
1018 , 0.636598 , 0.363402 , 0.587524 , 0.412476
1019 , 0.636368 , 0.363632 , 0.587282 , 0.412718
1020 , 0.63605 , 0.36395 , 0.586949 , 0.413051
1021 , 0.635645 , 0.364355 , 0.586522 , 0.413478
1022 , 0.635151 , 0.364849 , 0.586003 , 0.413997
1023 , 0.634569 , 0.365431 , 0.585392 , 0.414608
1024 , 0.633897 , 0.366103 , 0.584686 , 0.415314
1025 , 0.633137 , 0.366863 , 0.583888 , 0.416112
1026 , 0.632286 , 0.367714 , 0.582995 , 0.417005
1027 , 0.631345 , 0.368655 , 0.582007 , 0.417993
1028 , 0.630313 , 0.369687 , 0.580925 , 0.419075
1029 , 0.629189 , 0.370811 , 0.579746 , 0.420254
1030 , 0.627972 , 0.372028 , 0.578472 , 0.421528
1031 , 0.626662 , 0.373338 , 0.5771 , 0.4229
1032 , 0.625258 , 0.374742 , 0.57563 , 0.42437
1033 , 0.623759 , 0.376241 , 0.574062 , 0.425938
1034 , 0.622164 , 0.377836 , 0.572394 , 0.427606
1035 , 0.620471 , 0.379529 , 0.570625 , 0.429375
1036 , 0.618681 , 0.381319 , 0.568756 , 0.431244
1037 , 0.61679 , 0.38321 , 0.566784 , 0.433216
1038 , 0.6148 , 0.3852 , 0.564708 , 0.435292
1039 , 0.612707 , 0.387293 , 0.562528 , 0.437472
1040 , 0.610511 , 0.389489 , 0.560243 , 0.439757
1041 , 0.60821 , 0.39179 , 0.557851 , 0.442149
1042 , 0.605803 , 0.394197 , 0.55535 , 0.44465
1043 , 0.603288 , 0.396712 , 0.552741 , 0.447259
1044 , 0.600664 , 0.399336 , 0.550021 , 0.449979
1045 , 0.59793 , 0.40207 , 0.547189 , 0.452811
1046 , 0.595082 , 0.404918 , 0.544243 , 0.455757
1047 , 0.592121 , 0.407879 , 0.541183 , 0.458817
1048 , 0.589043 , 0.410957 , 0.538007 , 0.461993
1049 , 0.585847 , 0.414153 , 0.534713 , 0.465287
1050 , 0.582531 , 0.417469 , 0.531301 , 0.468699
1051 , 0.579094 , 0.420906 , 0.527767 , 0.472233
1052 , 0.575532 , 0.424468 , 0.524111 , 0.475889
1053 , 0.571845 , 0.428155 , 0.520332 , 0.479668
1054 , 0.56803 , 0.43197 , 0.516428 , 0.483572
1055 , 0.564084 , 0.435916 , 0.512396 , 0.487604
1056 , 0.560007 , 0.439993 , 0.508236 , 0.491764
1057 , 0.555795 , 0.444205 , 0.503946 , 0.496054
1058 , 0.551447 , 0.448553 , 0.499525 , 0.500475
1059 , 0.546959 , 0.453041 , 0.494971 , 0.505029
1060 , 0.542331 , 0.457669 , 0.490282 , 0.509718
1061 , 0.53756 , 0.46244 , 0.485457 , 0.514543
1062 , 0.532643 , 0.467357 , 0.480495 , 0.519505
1063 , 0.527579 , 0.472421 , 0.475394 , 0.524606
1064 , 0.522365 , 0.477635 , 0.470153 , 0.529847
1065 , 0.517 , 0.483 , 0.46477 , 0.53523
1066 , 0.51148 , 0.48852 , 0.459245 , 0.540755
1067 , 0.505805 , 0.494195 , 0.453577 , 0.546423
1068 , 0.499971 , 0.500029 , 0.447764 , 0.552236
1069 , 0.493978 , 0.506022 , 0.441806 , 0.558194
1070 , 0.487824 , 0.512176 , 0.435703 , 0.564297
1071 , 0.481506 , 0.518494 , 0.429452 , 0.570548
1072 , 0.475025 , 0.524975 , 0.423056 , 0.576944
1073 , 0.468377 , 0.531623 , 0.416513 , 0.583487
1074 , 0.461562 , 0.538438 , 0.409823 , 0.590177
1075 , 0.45458 , 0.54542 , 0.402987 , 0.597013
1076 , 0.44743 , 0.55257 , 0.396006 , 0.603994
1077 , 0.440111 , 0.559889 , 0.38888 , 0.61112
1078 , 0.432623 , 0.567377 , 0.381611 , 0.618389
1079 , 0.424967 , 0.575033 , 0.3742 , 0.6258
1080 , 0.417142 , 0.582858 , 0.36665 , 0.63335
1081 , 0.409152 , 0.590848 , 0.358962 , 0.641038
1082 , 0.400996 , 0.599004 , 0.35114 , 0.64886
1083 , 0.392677 , 0.607323 , 0.343188 , 0.656812
1084 , 0.384197 , 0.615803 , 0.335107 , 0.664893
1085 , 0.37556 , 0.62444 , 0.326904 , 0.673096
1086 , 0.366769 , 0.633231 , 0.318583 , 0.681417
1087 , 0.357828 , 0.642172 , 0.310149 , 0.689851
1088 , 0.348743 , 0.651257 , 0.301609 , 0.698391
1089 , 0.33952 , 0.66048 , 0.292969 , 0.707031
1090 , 0.330165 , 0.669835 , 0.284237 , 0.715763
1091 , 0.320686 , 0.679314 , 0.275421 , 0.724579
1092 , 0.311092 , 0.688908 , 0.266529 , 0.733471
1093 , 0.30139 , 0.69861 , 0.257572 , 0.742428
1094 , 0.291593 , 0.708407 , 0.24856 , 0.75144
1095 , 0.281712 , 0.718288 , 0.239504 , 0.760496
1096 , 0.271759 , 0.728241 , 0.230416 , 0.769584
1097 , 0.261747 , 0.738253 , 0.221309 , 0.778691
1098 , 0.251691 , 0.748309 , 0.212198 , 0.787802
1099 , 0.241608 , 0.758392 , 0.203095 , 0.796905
1100 , 0.231515 , 0.768485 , 0.194018 , 0.805982
1101 , 0.221429 , 0.778571 , 0.184982 , 0.815018
1102 , 0.21137 , 0.78863 , 0.176005 , 0.823995
1103 , 0.20136 , 0.79864 , 0.167103 , 0.832897
1104 , 0.191418 , 0.808582 , 0.158296 , 0.841704
1105 , 0.181569 , 0.818431 , 0.149603 , 0.850397
1106 , 0.171837 , 0.828163 , 0.141044 , 0.858956
1107 , 0.162245 , 0.837755 , 0.132639 , 0.867361
1108 , 0.15282 , 0.84718 , 0.124408 , 0.875592
1109 , 0.143587 , 0.856413 , 0.116375 , 0.883625
1110 , 0.134575 , 0.865425 , 0.108559 , 0.891441
1111 , 0.125811 , 0.874189 , 0.100983 , 0.899017
1112 , 0.117323 , 0.882677 , 0.0936682 , 0.906332
1113 , 0.109138 , 0.890862 , 0.086637 , 0.913363
1114 , 0.101285 , 0.898715 , 0.0799106 , 0.920089
1115 , 0.0937918 , 0.906208 , 0.0735105 , 0.92649
1116 , 0.0866859 , 0.913314 , 0.0674573 , 0.932543
1117 , 0.0799942 , 0.920006 , 0.0617712 , 0.938229
1118 , 0.0737426 , 0.926257 , 0.0564716 , 0.943528
1119 , 0.0679561 , 0.932044 , 0.0515771 , 0.948423
1120 , 0.0626583 , 0.937342 , 0.047105 , 0.952895
1121 , 0.0578714 , 0.942129 , 0.0430715 , 0.956928
1122 , 0.0536157 , 0.946384 , 0.0394915 , 0.960508
1123 , 0.0499096 , 0.95009 , 0.0363784 , 0.963622
1124 , 0.0467694 , 0.953231 , 0.0337439 , 0.966256
1125 , 0.0442091 , 0.955791 , 0.0315981 , 0.968402
1126 , 0.0422402 , 0.95776 , 0.0299493 , 0.970051
1127 , 0.0408716 , 0.959128 , 0.028804 , 0.971196
1128 , 0.0401095 , 0.95989 , 0.0281664 , 0.971834
1129 , 0.0399575 , 0.960042 , 0.0280393 , 0.971961
1130 , 0.0404163 , 0.959584 , 0.0284231 , 0.971577
1131 , 0.0414837 , 0.958516 , 0.0293162 , 0.970684
1132 , 0.0431549 , 0.956845 , 0.0307152 , 0.969285
1133 , 0.0454223 , 0.954578 , 0.0326146 , 0.967385
1134 , 0.0482755 , 0.951724 , 0.0350071 , 0.964993
1135 , 0.051702 , 0.948298 , 0.0378835 , 0.962117
1136 , 0.0556864 , 0.944314 , 0.0412328 , 0.958767
1137 , 0.0602115 , 0.939789 , 0.0450424 , 0.954958
1138 , 0.0652577 , 0.934742 , 0.0492982 , 0.950702
1139 , 0.0708039 , 0.929196 , 0.0539847 , 0.946015
1140 , 0.0768271 , 0.923173 , 0.0590849 , 0.940915
1141 , 0.0833031 , 0.916697 , 0.0645811 , 0.935419
1142 , 0.0902062 , 0.909794 , 0.0704541 , 0.929546
1143 , 0.0975101 , 0.90249 , 0.0766842 , 0.923316
1144 , 0.105187 , 0.894813 , 0.0832509 , 0.916749
1145 , 0.113211 , 0.886789 , 0.0901331 , 0.909867
1146 , 0.121552 , 0.878448 , 0.0973094 , 0.902691
1147 , 0.130182 , 0.869818 , 0.104758 , 0.895242
1148 , 0.139074 , 0.860926 , 0.112457 , 0.887543
1149 , 0.1482 , 0.8518 , 0.120385 , 0.879615
1150 , 0.157533 , 0.842467 , 0.12852 , 0.87148
1151 , 0.167045 , 0.832955 , 0.136841 , 0.863159
1152 , 0.176711 , 0.823289 , 0.145326 , 0.854674
1153 , 0.186505 , 0.813495 , 0.153955 , 0.846045
1154 , 0.196403 , 0.803597 , 0.162708 , 0.837292
1155 , 0.206382 , 0.793618 , 0.171565 , 0.828435
1156 , 0.21642 , 0.78358 , 0.180507 , 0.819493
1157 , 0.226495 , 0.773505 , 0.189516 , 0.810484
1158 , 0.236587 , 0.763413 , 0.198575 , 0.801425
1159 , 0.246677 , 0.753323 , 0.207667 , 0.792333
1160 , 0.256748 , 0.743252 , 0.216776 , 0.783224
1161 , 0.266784 , 0.733216 , 0.225887 , 0.774113
1162 , 0.276768 , 0.723232 , 0.234985 , 0.765015
1163 , 0.286687 , 0.713313 , 0.244059 , 0.755941
1164 , 0.296527 , 0.703473 , 0.253094 , 0.746906
1165 , 0.306277 , 0.693723 , 0.26208 , 0.73792
1166 , 0.315926 , 0.684074 , 0.271006 , 0.728994
1167 , 0.325464 , 0.674536 , 0.27986 , 0.72014
1168 , 0.334882 , 0.665118 , 0.288636 , 0.711364
1169 , 0.344171 , 0.655829 , 0.297322 , 0.702678
1170 , 0.353326 , 0.646674 , 0.305913 , 0.694087
1171 , 0.362339 , 0.637661 , 0.314401 , 0.685599
1172 , 0.371205 , 0.628795 , 0.322778 , 0.677222
1173 , 0.379919 , 0.620081 , 0.331041 , 0.668959
1174 , 0.388477 , 0.611523 , 0.339183 , 0.660817
1175 , 0.396877 , 0.603123 , 0.3472 , 0.6528
1176 , 0.405114 , 0.594886 , 0.355087 , 0.644913
1177 , 0.413187 , 0.586813 , 0.362842 , 0.637158
1178 , 0.421095 , 0.578905 , 0.370461 , 0.629539
1179 , 0.428834 , 0.571166 , 0.377941 , 0.622059
1180 , 0.436406 , 0.563594 , 0.385281 , 0.614719
1181 , 0.443809 , 0.556191 , 0.392478 , 0.607522
1182 , 0.451044 , 0.548956 , 0.399532 , 0.600468
1183 , 0.45811 , 0.54189 , 0.40644 , 0.59356
1184 , 0.465007 , 0.534993 , 0.413202 , 0.586798
1185 , 0.471738 , 0.528262 , 0.419819 , 0.580181
1186 , 0.478302 , 0.521698 , 0.426288 , 0.573712
1187 , 0.484701 , 0.515299 , 0.432611 , 0.567389
1188 , 0.490936 , 0.509064 , 0.438788 , 0.561212
1189 , 0.497009 , 0.502991 , 0.444818 , 0.555182
1190 , 0.502922 , 0.497078 , 0.450703 , 0.549297
1191 , 0.508676 , 0.491324 , 0.456443 , 0.543557
1192 , 0.514273 , 0.485727 , 0.462039 , 0.537961
1193 , 0.519715 , 0.480285 , 0.467492 , 0.532508
1194 , 0.525004 , 0.474996 , 0.472804 , 0.527196
1195 , 0.530142 , 0.469858 , 0.477974 , 0.522026
1196 , 0.535132 , 0.464868 , 0.483005 , 0.516995
1197 , 0.539975 , 0.460025 , 0.487899 , 0.512101
1198 , 0.544674 , 0.455326 , 0.492655 , 0.507345
1199 , 0.549231 , 0.450769 , 0.497276 , 0.502724
1200 , 0.553649 , 0.446351 , 0.501763 , 0.498237
1201 , 0.557928 , 0.442072 , 0.506118 , 0.493882
1202 , 0.562072 , 0.437928 , 0.510343 , 0.489657
1203 , 0.566083 , 0.433917 , 0.514438 , 0.485562
1204 , 0.569963 , 0.430037 , 0.518405 , 0.481595
1205 , 0.573713 , 0.426287 , 0.522247 , 0.477753
1206 , 0.577337 , 0.422663 , 0.525964 , 0.474036
1207 , 0.580836 , 0.419164 , 0.529558 , 0.470442
1208 , 0.584212 , 0.415788 , 0.53303 , 0.46697
1209 , 0.587468 , 0.412532 , 0.536383 , 0.463617
1210 , 0.590604 , 0.409396 , 0.539618 , 0.460382
1211 , 0.593623 , 0.406377 , 0.542735 , 0.457265
1212 , 0.596527 , 0.403473 , 0.545737 , 0.454263
1213 , 0.599318 , 0.400682 , 0.548626 , 0.451374
1214 , 0.601997 , 0.398003 , 0.551401 , 0.448599
1215 , 0.604565 , 0.395435 , 0.554066 , 0.445934
1216 , 0.607026 , 0.392974 , 0.55662 , 0.44338
1217 , 0.609379 , 0.390621 , 0.559066 , 0.440934
1218 , 0.611627 , 0.388373 , 0.561405 , 0.438595
1219 , 0.613771 , 0.386229 , 0.563637 , 0.436363
1220 , 0.615812 , 0.384188 , 0.565764 , 0.434236
1221 , 0.617753 , 0.382247 , 0.567787 , 0.432213
1222 , 0.619593 , 0.380407 , 0.569708 , 0.430292
1223 , 0.621334 , 0.378666 , 0.571526 , 0.428474
1224 , 0.622977 , 0.377023 , 0.573244 , 0.426756
1225 , 0.624524 , 0.375476 , 0.574862 , 0.425138
1226 , 0.625976 , 0.374024 , 0.576381 , 0.423619
1227 , 0.627332 , 0.372668 , 0.577801 , 0.422199
1228 , 0.628595 , 0.371405 , 0.579124 , 0.420876
1229 , 0.629765 , 0.370235 , 0.580351 , 0.419649
1230 , 0.630843 , 0.369157 , 0.581481 , 0.418519
1231 , 0.631829 , 0.368171 , 0.582515 , 0.417485
1232 , 0.632725 , 0.367275 , 0.583455 , 0.416545
1233 , 0.63353 , 0.36647 , 0.584301 , 0.415699
1234 , 0.634246 , 0.365754 , 0.585052 , 0.414948
1235 , 0.634872 , 0.365128 , 0.585711 , 0.414289
1236 , 0.63541 , 0.36459 , 0.586276 , 0.413724
1237 , 0.63586 , 0.36414 , 0.586748 , 0.413252
1238 , 0.636221 , 0.363779 , 0.587128 , 0.412872
1239 , 0.636494 , 0.363506 , 0.587415 , 0.412585
1240 , 0.63668 , 0.36332 , 0.587611 , 0.412389
1241 , 0.636779 , 0.363221 , 0.587714 , 0.412286
1242 , 0.636789 , 0.363211 , 0.587725 , 0.412275
1243 , 0.636713 , 0.363287 , 0.587645 , 0.412355
1244 , 0.636549 , 0.363451 , 0.587472 , 0.412528
1245 , 0.636297 , 0.363703 , 0.587207 , 0.412793
1246 , 0.635957 , 0.364043 , 0.586851 , 0.413149
1247 , 0.63553 , 0.36447 , 0.586401 , 0.413599
1248 , 0.635014 , 0.364986 , 0.585859 , 0.414141
1249 , 0.634409 , 0.365591 , 0.585224 , 0.414776
1250 , 0.633715 , 0.366285 , 0.584495 , 0.415505
1251 , 0.632932 , 0.367068 , 0.583673 , 0.416327
1252 , 0.632059 , 0.367941 , 0.582757 , 0.417243
1253 , 0.631095 , 0.368905 , 0.581745 , 0.418255
1254 , 0.63004 , 0.36996 , 0.580639 , 0.419361
1255 , 0.628893 , 0.371107 , 0.579436 , 0.420564
1256 , 0.627653 , 0.372347 , 0.578137 , 0.421863
1257 , 0.62632 , 0.37368 , 0.576741 , 0.423259
1258 , 0.624892 , 0.375108 , 0.575247 , 0.424753
1259 , 0.623369 , 0.376631 , 0.573654 , 0.426346
1260 , 0.621749 , 0.378251 , 0.571961 , 0.428039
1261 , 0.620032 , 0.379968 , 0.570167 , 0.429833
1262 , 0.618217 , 0.381783 , 0.568272 , 0.431728
1263 , 0.616302 , 0.383698 , 0.566274 , 0.433726
1264 , 0.614285 , 0.385715 , 0.564173 , 0.435827
1265 , 0.612167 , 0.387833 , 0.561966 , 0.438034
1266 , 0.609945 , 0.390055 , 0.559654 , 0.440346
1267 , 0.607618 , 0.392382 , 0.557235 , 0.442765
1268 , 0.605184 , 0.394816 , 0.554708 , 0.445292
1269 , 0.602642 , 0.397358 , 0.552071 , 0.447929
1270 , 0.599991 , 0.400009 , 0.549323 , 0.450677
1271 , 0.597228 , 0.402772 , 0.546462 , 0.453538
1272 , 0.594352 , 0.405648 , 0.543488 , 0.456512
1273 , 0.591361 , 0.408639 , 0.540399 , 0.459601
1274 , 0.588254 , 0.411746 , 0.537194 , 0.462806
1275 , 0.585028 , 0.414972 , 0.533871 , 0.466129
1276 , 0.581682 , 0.418318 , 0.530428 , 0.469572
1277 , 0.578214 , 0.421786 , 0.526864 , 0.473136
1278 , 0.574621 , 0.425379 , 0.523177 , 0.476823
1279 , 0.570902 , 0.429098 , 0.519367 , 0.480633
1280 , 0.567055 , 0.432945 , 0.515431 , 0.484569
1281 , 0.563076 , 0.436924 , 0.511367 , 0.488633
1282 , 0.558965 , 0.441035 , 0.507175 , 0.492825
1283 , 0.55472 , 0.44528 , 0.502852 , 0.497148
1284 , 0.550337 , 0.449663 , 0.498398 , 0.501602
1285 , 0.545815 , 0.454185 , 0.49381 , 0.50619
1286 , 0.541151 , 0.458849 , 0.489087 , 0.510913
1287 , 0.536343 , 0.463657 , 0.484228 , 0.515772
1288 , 0.53139 , 0.46861 , 0.479231 , 0.520769
1289 , 0.526289 , 0.473711 , 0.474095 , 0.525905
1290 , 0.521037 , 0.478963 , 0.468819 , 0.531181
1291 , 0.515633 , 0.484367 , 0.463401 , 0.536599
1292 , 0.510074 , 0.489926 , 0.45784 , 0.54216
1293 , 0.50436 , 0.49564 , 0.452136 , 0.547864
1294 , 0.498487 , 0.501513 , 0.446287 , 0.553713
1295 , 0.492453 , 0.507547 , 0.440293 , 0.559707
1296 , 0.486258 , 0.513742 , 0.434152 , 0.565848
1297 , 0.4799 , 0.5201 , 0.427866 , 0.572134
1298 , 0.473377 , 0.526623 , 0.421432 , 0.578568
1299 , 0.466687 , 0.533313 , 0.414852 , 0.585148
1300 , 0.459831 , 0.540169 , 0.408126 , 0.591874
1301 , 0.452807 , 0.547193 , 0.401254 , 0.598746
1302 , 0.445614 , 0.554386 , 0.394236 , 0.605764
1303 , 0.438253 , 0.561747 , 0.387074 , 0.612926
1304 , 0.430723 , 0.569277 , 0.379769 , 0.620231
1305 , 0.423024 , 0.576976 , 0.372324 , 0.627676
1306 , 0.415158 , 0.584842 , 0.364739 , 0.635261
1307 , 0.407126 , 0.592874 , 0.357017 , 0.642983
1308 , 0.398929 , 0.601071 , 0.349162 , 0.650838
1309 , 0.39057 , 0.60943 , 0.341177 , 0.658823
1310 , 0.38205 , 0.61795 , 0.333066 , 0.666934
1311 , 0.373374 , 0.626626 , 0.324833 , 0.675167
1312 , 0.364545 , 0.635455 , 0.316483 , 0.683517
1313 , 0.355568 , 0.644432 , 0.308022 , 0.691978
1314 , 0.346448 , 0.653552 , 0.299456 , 0.700544
1315 , 0.337191 , 0.662809 , 0.290792 , 0.709208
1316 , 0.327805 , 0.672195 , 0.282038 , 0.717962
1317 , 0.318296 , 0.681704 , 0.273202 , 0.726798
1318 , 0.308673 , 0.691327 , 0.264293 , 0.735707
1319 , 0.298947 , 0.701053 , 0.255322 , 0.744678
1320 , 0.289128 , 0.710872 , 0.246297 , 0.753703
1321 , 0.279227 , 0.720773 , 0.237232 , 0.762768
1322 , 0.269258 , 0.730742 , 0.228138 , 0.771862
1323 , 0.259234 , 0.740766 , 0.219029 , 0.780971
1324 , 0.24917 , 0.75083 , 0.209918 , 0.790082
1325 , 0.239083 , 0.760917 , 0.200821 , 0.799179
1326 , 0.22899 , 0.77101 , 0.191753 , 0.808247
1327 , 0.218909 , 0.781091 , 0.18273 , 0.81727
1328 , 0.20886 , 0.79114 , 0.173769 , 0.826231
1329 , 0.198864 , 0.801136 , 0.164889 , 0.835111
1330 , 0.188944 , 0.811056 , 0.156109 , 0.843891
1331 , 0.179122 , 0.820878 , 0.147448 , 0.852552
1332 , 0.169422 , 0.830578 , 0.138925 , 0.861075
1333 , 0.159869 , 0.840131 , 0.130562 , 0.869438
1334 , 0.15049 , 0.84951 , 0.122379 , 0.877621
1335 , 0.141311 , 0.858689 , 0.114398 , 0.885602
1336 , 0.132358 , 0.867642 , 0.10664 , 0.89336
1337 , 0.12366 , 0.87634 , 0.099127 , 0.900873
1338 , 0.115245 , 0.884755 , 0.0918813 , 0.908119
1339 , 0.107141 , 0.892859 , 0.0849243 , 0.915076
1340 , 0.099375 , 0.900625 , 0.0782776 , 0.921722
1341 , 0.0919762 , 0.908024 , 0.0719623 , 0.928038
1342 , 0.0849715 , 0.915029 , 0.0659991 , 0.934001
1343 , 0.0783875 , 0.921613 , 0.060408 , 0.939592
1344 , 0.07225 , 0.92775 , 0.0552081 , 0.944792
1345 , 0.0665836 , 0.933416 , 0.0504177 , 0.949582
1346 , 0.0614117 , 0.938588 , 0.0460539 , 0.953946
1347 , 0.0567558 , 0.943244 , 0.0421326 , 0.957867
1348 , 0.052636 , 0.947364 , 0.0386682 , 0.961332
1349 , 0.0490701 , 0.95093 , 0.0356738 , 0.964326
1350 , 0.0460738 , 0.953926 , 0.0331607 , 0.966839
1351 , 0.0436605 , 0.95634 , 0.0311386 , 0.968861
1352 , 0.0418411 , 0.958159 , 0.0296153 , 0.970385
1353 , 0.0406238 , 0.959376 , 0.0285966 , 0.971403
1354 , 0.0400142 , 0.959986 , 0.0280867 , 0.971913
1355 , 0.0400151 , 0.959985 , 0.0280875 , 0.971913
1356 , 0.0406265 , 0.959374 , 0.0285989 , 0.971401
1357 , 0.0418455 , 0.958154 , 0.029619 , 0.970381
1358 , 0.0436667 , 0.956333 , 0.0311438 , 0.968856
1359 , 0.0460818 , 0.953918 , 0.0331674 , 0.966833
1360 , 0.0490798 , 0.95092 , 0.0356819 , 0.964318
1361 , 0.0526473 , 0.947353 , 0.0386777 , 0.961322
1362 , 0.0567688 , 0.943231 , 0.0421435 , 0.957857
1363 , 0.0614262 , 0.938574 , 0.0460661 , 0.953934
1364 , 0.0665996 , 0.9334 , 0.0504312 , 0.949569
1365 , 0.0722674 , 0.927733 , 0.0552228 , 0.944777
1366 , 0.0784062 , 0.921594 , 0.0604239 , 0.939576
1367 , 0.0849915 , 0.915009 , 0.0660162 , 0.933984
1368 , 0.0919974 , 0.908003 , 0.0719804 , 0.92802
1369 , 0.0993973 , 0.900603 , 0.0782967 , 0.921703
1370 , 0.107164 , 0.892836 , 0.0849443 , 0.915056
1371 , 0.115269 , 0.884731 , 0.0919022 , 0.908098
1372 , 0.123685 , 0.876315 , 0.0991487 , 0.900851
1373 , 0.132384 , 0.867616 , 0.106662 , 0.893338
1374 , 0.141337 , 0.858663 , 0.114421 , 0.885579
1375 , 0.150517 , 0.849483 , 0.122403 , 0.877597
1376 , 0.159897 , 0.840103 , 0.130586 , 0.869414
1377 , 0.16945 , 0.83055 , 0.13895 , 0.86105
1378 , 0.179151 , 0.820849 , 0.147473 , 0.852527
1379 , 0.188973 , 0.811027 , 0.156135 , 0.843865
1380 , 0.198894 , 0.801106 , 0.164915 , 0.835085
1381 , 0.20889 , 0.79111 , 0.173795 , 0.826205
1382 , 0.218938 , 0.781062 , 0.182756 , 0.817244
1383 , 0.229019 , 0.770981 , 0.191779 , 0.808221
1384 , 0.239113 , 0.760887 , 0.200848 , 0.799152
1385 , 0.2492 , 0.7508 , 0.209945 , 0.790055
1386 , 0.259264 , 0.740736 , 0.219056 , 0.780944
1387 , 0.269287 , 0.730713 , 0.228165 , 0.771835
1388 , 0.279257 , 0.720743 , 0.237259 , 0.762741
1389 , 0.289157 , 0.710843 , 0.246324 , 0.753676
1390 , 0.298976 , 0.701024 , 0.255348 , 0.744652
1391 , 0.308702 , 0.691298 , 0.26432 , 0.73568
1392 , 0.318324 , 0.681676 , 0.273228 , 0.726772
1393 , 0.327832 , 0.672168 , 0.282064 , 0.717936
1394 , 0.337219 , 0.662781 , 0.290818 , 0.709182
1395 , 0.346475 , 0.653525 , 0.299481 , 0.700519
1396 , 0.355595 , 0.644405 , 0.308047 , 0.691953
1397 , 0.364571 , 0.635429 , 0.316508 , 0.683492
1398 , 0.3734 , 0.6266 , 0.324857 , 0.675143
1399 , 0.382075 , 0.617925 , 0.33309 , 0.66691
1400 , 0.390594 , 0.609406 , 0.341201 , 0.658799
1401 , 0.398954 , 0.601046 , 0.349186 , 0.650814
1402 , 0.40715 , 0.59285 , 0.35704 , 0.64296
1403 , 0.415182 , 0.584818 , 0.364761 , 0.635239
1404 , 0.423047 , 0.576953 , 0.372346 , 0.627654
1405 , 0.430745 , 0.569255 , 0.379791 , 0.620209
1406 , 0.438275 , 0.561725 , 0.387095 , 0.612905
1407 , 0.445636 , 0.554364 , 0.394257 , 0.605743
1408 , 0.452828 , 0.547172 , 0.401274 , 0.598726
1409 , 0.459851 , 0.540149 , 0.408146 , 0.591854
1410 , 0.466707 , 0.533293 , 0.414872 , 0.585128
1411 , 0.473396 , 0.526604 , 0.421451 , 0.578549
1412 , 0.479919 , 0.520081 , 0.427884 , 0.572116
1413 , 0.486277 , 0.513723 , 0.434171 , 0.565829
1414 , 0.492471 , 0.507529 , 0.44031 , 0.55969
1415 , 0.498504 , 0.501496 , 0.446304 , 0.553696
1416 , 0.504377 , 0.495623 , 0.452153 , 0.547847
1417 , 0.510091 , 0.489909 , 0.457857 , 0.542143
1418 , 0.515649 , 0.484351 , 0.463417 , 0.536583
1419 , 0.521053 , 0.478947 , 0.468835 , 0.531165
1420 , 0.526304 , 0.473696 , 0.474111 , 0.525889
1421 , 0.531405 , 0.468595 , 0.479246 , 0.520754
1422 , 0.536358 , 0.463642 , 0.484243 , 0.515757
1423 , 0.541165 , 0.458835 , 0.489102 , 0.510898
1424 , 0.545828 , 0.454172 , 0.493824 , 0.506176
1425 , 0.55035 , 0.44965 , 0.498411 , 0.501589
1426 , 0.554732 , 0.445268 , 0.502865 , 0.497135
1427 , 0.558978 , 0.441022 , 0.507188 , 0.492812
1428 , 0.563088 , 0.436912 , 0.511379 , 0.488621
1429 , 0.567066 , 0.432934 , 0.515442 , 0.484558
1430 , 0.570913 , 0.429087 , 0.519378 , 0.480622
1431 , 0.574632 , 0.425368 , 0.523188 , 0.476812
1432 , 0.578224 , 0.421776 , 0.526874 , 0.473126
1433 , 0.581692 , 0.418308 , 0.530438 , 0.469562
1434 , 0.585038 , 0.414962 , 0.533881 , 0.466119
1435 , 0.588263 , 0.411737 , 0.537204 , 0.462796
1436 , 0.59137 , 0.40863 , 0.540409 , 0.459591
1437 , 0.594361 , 0.405639 , 0.543497 , 0.456503
1438 , 0.597236 , 0.402764 , 0.546471 , 0.453529
1439 , 0.599999 , 0.400001 , 0.549331 , 0.450669
1440 , 0.60265 , 0.39735 , 0.552078 , 0.447922
1441 , 0.605191 , 0.394809 , 0.554715 , 0.445285
1442 , 0.607625 , 0.392375 , 0.557242 , 0.442758
1443 , 0.609951 , 0.390049 , 0.559661 , 0.440339
1444 , 0.612173 , 0.387827 , 0.561973 , 0.438027
1445 , 0.614291 , 0.385709 , 0.564179 , 0.435821
1446 , 0.616307 , 0.383693 , 0.56628 , 0.43372
1447 , 0.618222 , 0.381778 , 0.568278 , 0.431722
1448 , 0.620038 , 0.379962 , 0.570172 , 0.429828
1449 , 0.621754 , 0.378246 , 0.571966 , 0.428034
1450 , 0.623373 , 0.376627 , 0.573658 , 0.426342
1451 , 0.624896 , 0.375104 , 0.575251 , 0.424749
1452 , 0.626324 , 0.373676 , 0.576745 , 0.423255
1453 , 0.627657 , 0.372343 , 0.578141 , 0.421859
1454 , 0.628896 , 0.371104 , 0.57944 , 0.42056
1455 , 0.630043 , 0.369957 , 0.580642 , 0.419358
1456 , 0.631098 , 0.368902 , 0.581749 , 0.418251
1457 , 0.632062 , 0.367938 , 0.58276 , 0.41724
1458 , 0.632935 , 0.367065 , 0.583676 , 0.416324
1459 , 0.633718 , 0.366282 , 0.584498 , 0.415502
1460 , 0.634411 , 0.365589 , 0.585226 , 0.414774
1461 , 0.635015 , 0.364985 , 0.585861 , 0.414139
1462 , 0.635531 , 0.364469 , 0.586403 , 0.413597
1463 , 0.635958 , 0.364042 , 0.586852 , 0.413148
1464 , 0.636298 , 0.363702 , 0.587208 , 0.412792
1465 , 0.636549 , 0.363451 , 0.587473 , 0.412527
1466 , 0.636713 , 0.363287 , 0.587645 , 0.412355
1467 , 0.636789 , 0.363211 , 0.587725 , 0.412275
1468 , 0.636778 , 0.363222 , 0.587714 , 0.412286
1469 , 0.63668 , 0.36332 , 0.58761 , 0.41239
1470 , 0.636494 , 0.363506 , 0.587415 , 0.412585
1471 , 0.63622 , 0.36378 , 0.587127 , 0.412873
1472 , 0.635858 , 0.364142 , 0.586747 , 0.413253
1473 , 0.635409 , 0.364591 , 0.586274 , 0.413726
1474 , 0.634871 , 0.365129 , 0.585709 , 0.414291
1475 , 0.634244 , 0.365756 , 0.58505 , 0.41495
1476 , 0.633528 , 0.366472 , 0.584298 , 0.415702
1477 , 0.632722 , 0.367278 , 0.583453 , 0.416547
1478 , 0.631826 , 0.368174 , 0.582513 , 0.417487
1479 , 0.63084 , 0.36916 , 0.581478 , 0.418522
1480 , 0.629762 , 0.370238 , 0.580347 , 0.419653
1481 , 0.628591 , 0.371409 , 0.579121 , 0.420879
1482 , 0.627328 , 0.372672 , 0.577797 , 0.422203
1483 , 0.625971 , 0.374029 , 0.576376 , 0.423624
1484 , 0.62452 , 0.37548 , 0.574857 , 0.425143
1485 , 0.622973 , 0.377027 , 0.573239 , 0.426761
1486 , 0.621329 , 0.378671 , 0.571521 , 0.428479
1487 , 0.619587 , 0.380413 , 0.569702 , 0.430298
1488 , 0.617747 , 0.382253 , 0.567782 , 0.432218
1489 , 0.615807 , 0.384193 , 0.565758 , 0.434242
1490 , 0.613765 , 0.386235 , 0.56363 , 0.43637
1491 , 0.611621 , 0.388379 , 0.561398 , 0.438602
1492 , 0.609372 , 0.390628 , 0.559059 , 0.440941
1493 , 0.607019 , 0.392981 , 0.556613 , 0.443387
1494 , 0.604558 , 0.395442 , 0.554058 , 0.445942
1495 , 0.601989 , 0.398011 , 0.551393 , 0.448607
1496 , 0.59931 , 0.40069 , 0.548617 , 0.451383
1497 , 0.596519 , 0.403481 , 0.545729 , 0.454271
1498 , 0.593614 , 0.406386 , 0.542726 , 0.457274
1499 , 0.590595 , 0.409405 , 0.539608 , 0.460392
1500 , 0.587458 , 0.412542 , 0.536373 , 0.463627
1501 , 0.584202 , 0.415798 , 0.53302 , 0.46698
1502 , 0.580826 , 0.419174 , 0.529547 , 0.470453
1503 , 0.577327 , 0.422673 , 0.525953 , 0.474047
1504 , 0.573703 , 0.426297 , 0.522235 , 0.477765
1505 , 0.569951 , 0.430049 , 0.518394 , 0.481606
1506 , 0.566071 , 0.433929 , 0.514426 , 0.485574
1507 , 0.56206 , 0.43794 , 0.51033 , 0.48967
1508 , 0.557916 , 0.442084 , 0.506106 , 0.493894
1509 , 0.553636 , 0.446364 , 0.50175 , 0.49825
1510 , 0.549218 , 0.450782 , 0.497263 , 0.502737
1511 , 0.544661 , 0.455339 , 0.492641 , 0.507359
1512 , 0.539961 , 0.460039 , 0.487884 , 0.512116
1513 , 0.535118 , 0.464882 , 0.482991 , 0.517009
1514 , 0.530127 , 0.469873 , 0.477959 , 0.522041
1515 , 0.524989 , 0.475011 , 0.472788 , 0.527212
1516 , 0.519699 , 0.480301 , 0.467477 , 0.532523
1517 , 0.514256 , 0.485744 , 0.462023 , 0.537977
1518 , 0.508659 , 0.491341 , 0.456426 , 0.543574
1519 , 0.502905 , 0.497095 , 0.450686 , 0.549314
1520 , 0.496992 , 0.503008 , 0.444801 , 0.555199
1521 , 0.490918 , 0.509082 , 0.43877 , 0.56123
1522 , 0.484682 , 0.515318 , 0.432593 , 0.567407
1523 , 0.478283 , 0.521717 , 0.426269 , 0.573731
1524 , 0.471718 , 0.528282 , 0.419799 , 0.580201
1525 , 0.464987 , 0.535013 , 0.413183 , 0.586817
1526 , 0.458089 , 0.541911 , 0.40642 , 0.59358
1527 , 0.451023 , 0.548977 , 0.399511 , 0.600489
1528 , 0.443788 , 0.556212 , 0.392457 , 0.607543
1529 , 0.436384 , 0.563616 , 0.385259 , 0.614741
1530 , 0.428812 , 0.571188 , 0.377919 , 0.622081
1531 , 0.421072 , 0.578928 , 0.370438 , 0.629562
1532 , 0.413164 , 0.586836 , 0.362819 , 0.637181
1533 , 0.40509 , 0.59491 , 0.355064 , 0.644936
1534 , 0.396852 , 0.603148 , 0.347176 , 0.652824
1535 , 0.388452 , 0.611548 , 0.339159 , 0.660841
1536 , 0.379893 , 0.620107 , 0.331017 , 0.668983
1537 , 0.371179 , 0.628821 , 0.322754 , 0.677246
1538 , 0.362312 , 0.637688 , 0.314376 , 0.685624
1539 , 0.353299 , 0.646701 , 0.305888 , 0.694112
1540 , 0.344144 , 0.655856 , 0.297297 , 0.702703
1541 , 0.334854 , 0.665146 , 0.28861 , 0.71139
1542 , 0.325436 , 0.674564 , 0.279834 , 0.720166
1543 , 0.315898 , 0.684102 , 0.270979 , 0.729021
1544 , 0.306249 , 0.693751 , 0.262054 , 0.737946
1545 , 0.296498 , 0.703502 , 0.253068 , 0.746932
1546 , 0.286658 , 0.713342 , 0.244032 , 0.755968
1547 , 0.276739 , 0.723261 , 0.234959 , 0.765041
1548 , 0.266754 , 0.733246 , 0.22586 , 0.77414
1549 , 0.256719 , 0.743281 , 0.216749 , 0.783251
1550 , 0.246647 , 0.753353 , 0.20764 , 0.79236
1551 , 0.236557 , 0.763443 , 0.198548 , 0.801452
1552 , 0.226465 , 0.773535 , 0.18949 , 0.81051
1553 , 0.21639 , 0.78361 , 0.180481 , 0.819519
1554 , 0.206353 , 0.793647 , 0.171539 , 0.828461
1555 , 0.196374 , 0.803626 , 0.162682 , 0.837318
1556 , 0.186476 , 0.813524 , 0.15393 , 0.84607
1557 , 0.176682 , 0.823318 , 0.145301 , 0.854699
1558 , 0.167017 , 0.832983 , 0.136816 , 0.863184
1559 , 0.157505 , 0.842495 , 0.128496 , 0.871504
1560 , 0.148173 , 0.851827 , 0.120362 , 0.879638
1561 , 0.139048 , 0.860952 , 0.112434 , 0.887566
1562 , 0.130156 , 0.869844 , 0.104736 , 0.895264
1563 , 0.121527 , 0.878473 , 0.0972879 , 0.902712
1564 , 0.113187 , 0.886813 , 0.0901124 , 0.909888
1565 , 0.105164 , 0.894836 , 0.083231 , 0.916769
1566 , 0.097488 , 0.902512 , 0.0766653 , 0.923335
1567 , 0.0901853 , 0.909815 , 0.0704362 , 0.929564
1568 , 0.0832834 , 0.916717 , 0.0645643 , 0.935436
1569 , 0.0768087 , 0.923191 , 0.0590693 , 0.940931
1570 , 0.0707869 , 0.929213 , 0.0539702 , 0.94603
1571 , 0.0652421 , 0.934758 , 0.049285 , 0.950715
1572 , 0.0601974 , 0.939803 , 0.0450305 , 0.954969
1573 , 0.0556739 , 0.944326 , 0.0412222 , 0.958778
1574 , 0.051691 , 0.948309 , 0.0378743 , 0.962126
1575 , 0.0482663 , 0.951734 , 0.0349994 , 0.965001
1576 , 0.0454147 , 0.954585 , 0.0326083 , 0.967392
1577 , 0.0431491 , 0.956851 , 0.0307104 , 0.96929
1578 , 0.0414797 , 0.95852 , 0.0293128 , 0.970687
1579 , 0.0404141 , 0.959586 , 0.0284212 , 0.971579
1580 , 0.0399571 , 0.960043 , 0.0280389 , 0.971961
1581 , 0.0401109 , 0.959889 , 0.0281676 , 0.971832
1582 , 0.0408747 , 0.959125 , 0.0288066 , 0.971193
1583 , 0.0422451 , 0.957755 , 0.0299535 , 0.970047
1584 , 0.0442158 , 0.955784 , 0.0316037 , 0.968396
1585 , 0.0467778 , 0.953222 , 0.033751 , 0.966249
1586 , 0.0499197 , 0.95008 , 0.0363869 , 0.963613
1587 , 0.0536274 , 0.946373 , 0.0395014 , 0.960499
1588 , 0.0578847 , 0.942115 , 0.0430828 , 0.956917
1589 , 0.0626732 , 0.937327 , 0.0471175 , 0.952882
1590 , 0.0679724 , 0.932028 , 0.0515909 , 0.948409
1591 , 0.0737603 , 0.92624 , 0.0564867 , 0.943513
1592 , 0.0800133 , 0.919987 , 0.0617874 , 0.938213
1593 , 0.0867063 , 0.913294 , 0.0674746 , 0.932525
1594 , 0.0938133 , 0.906187 , 0.0735288 , 0.926471
1595 , 0.101308 , 0.898692 , 0.07993 , 0.92007
1596 , 0.109162 , 0.890838 , 0.0866572 , 0.913343
1597 , 0.117347 , 0.882653 , 0.0936893 , 0.906311
1598 , 0.125837 , 0.874163 , 0.101005 , 0.898995
1599 , 0.134602 , 0.865398 , 0.108582 , 0.891418
1600 , 0.143614 , 0.856386 , 0.116398 , 0.883602
1601 , 0.152847 , 0.847153 , 0.124432 , 0.875568
1602 , 0.162273 , 0.837727 , 0.132663 , 0.867337
1603 , 0.171865 , 0.828135 , 0.141069 , 0.858931
1604 , 0.181598 , 0.818402 , 0.149628 , 0.850372
1605 , 0.191447 , 0.808553 , 0.158322 , 0.841678
1606 , 0.201389 , 0.798611 , 0.167129 , 0.832871
1607 , 0.2114 , 0.7886 , 0.176031 , 0.823969
1608 , 0.221459 , 0.778541 , 0.185009 , 0.814991
1609 , 0.231545 , 0.768455 , 0.194045 , 0.805955
1610 , 0.241638 , 0.758362 , 0.203122 , 0.796878
1611 , 0.251721 , 0.748279 , 0.212224 , 0.787776
1612 , 0.261776 , 0.738224 , 0.221336 , 0.778664
1613 , 0.271788 , 0.728212 , 0.230443 , 0.769557
1614 , 0.281741 , 0.718259 , 0.23953 , 0.76047
1615 , 0.291622 , 0.708378 , 0.248586 , 0.751414
1616 , 0.301419 , 0.698581 , 0.257598 , 0.742402
1617 , 0.31112 , 0.68888 , 0.266555 , 0.733445
1618 , 0.320714 , 0.679286 , 0.275447 , 0.724553
1619 , 0.330193 , 0.669807 , 0.284263 , 0.715737
1620 , 0.339548 , 0.660452 , 0.292995 , 0.707005
1621 , 0.34877 , 0.65123 , 0.301634 , 0.698366
1622 , 0.357855 , 0.642145 , 0.310174 , 0.689826
1623 , 0.366795 , 0.633205 , 0.318608 , 0.681392
1624 , 0.375585 , 0.624415 , 0.326929 , 0.673071
1625 , 0.384222 , 0.615778 , 0.335131 , 0.664869
1626 , 0.392701 , 0.607299 , 0.343211 , 0.656789
1627 , 0.40102 , 0.59898 , 0.351164 , 0.648836
1628 , 0.409175 , 0.590825 , 0.358985 , 0.641015
1629 , 0.417166 , 0.582834 , 0.366672 , 0.633328
1630 , 0.424989 , 0.575011 , 0.374222 , 0.625778
1631 , 0.432645 , 0.567355 , 0.381632 , 0.618368
1632 , 0.440133 , 0.559867 , 0.388901 , 0.611099
1633 , 0.447451 , 0.552549 , 0.396026 , 0.603974
1634 , 0.454601 , 0.545399 , 0.403007 , 0.596993
1635 , 0.461583 , 0.538417 , 0.409843 , 0.590157
1636 , 0.468397 , 0.531603 , 0.416532 , 0.583468
1637 , 0.475044 , 0.524956 , 0.423075 , 0.576925
1638 , 0.481525 , 0.518475 , 0.429471 , 0.570529
1639 , 0.487842 , 0.512158 , 0.435721 , 0.564279
1640 , 0.493996 , 0.506004 , 0.441824 , 0.558176
1641 , 0.499989 , 0.500011 , 0.447782 , 0.552218
1642 , 0.505821 , 0.494179 , 0.453594 , 0.546406
1643 , 0.511497 , 0.488503 , 0.459262 , 0.540738
1644 , 0.517016 , 0.482984 , 0.464786 , 0.535214
1645 , 0.522381 , 0.477619 , 0.470168 , 0.529832
1646 , 0.527594 , 0.472406 , 0.475409 , 0.524591
1647 , 0.532658 , 0.467342 , 0.48051 , 0.51949
1648 , 0.537574 , 0.462426 , 0.485472 , 0.514528
1649 , 0.542345 , 0.457655 , 0.490296 , 0.509704
1650 , 0.546973 , 0.453027 , 0.494984 , 0.505016
1651 , 0.55146 , 0.44854 , 0.499538 , 0.500462
1652 , 0.555808 , 0.444192 , 0.503959 , 0.496041
1653 , 0.560019 , 0.439981 , 0.508249 , 0.491751
1654 , 0.564096 , 0.435904 , 0.512408 , 0.487592
1655 , 0.568041 , 0.431959 , 0.516439 , 0.483561
1656 , 0.571856 , 0.428144 , 0.520343 , 0.479657
1657 , 0.575543 , 0.424457 , 0.524122 , 0.475878
1658 , 0.579104 , 0.420896 , 0.527778 , 0.472222
1659 , 0.582541 , 0.417459 , 0.531311 , 0.468689
1660 , 0.585856 , 0.414144 , 0.534723 , 0.465277
1661 , 0.589052 , 0.410948 , 0.538017 , 0.461983
1662 , 0.592129 , 0.407871 , 0.541192 , 0.458808
1663 , 0.595091 , 0.404909 , 0.544252 , 0.455748
1664 , 0.597938 , 0.402062 , 0.547197 , 0.452803
1665 , 0.600672 , 0.399328 , 0.550029 , 0.449971
1666 , 0.603296 , 0.396704 , 0.552749 , 0.447251
1667 , 0.60581 , 0.39419 , 0.555358 , 0.444642
1668 , 0.608217 , 0.391783 , 0.557858 , 0.442142
1669 , 0.610517 , 0.389483 , 0.56025 , 0.43975
1670 , 0.612713 , 0.387287 , 0.562535 , 0.437465
1671 , 0.614806 , 0.385194 , 0.564715 , 0.435285
1672 , 0.616796 , 0.383204 , 0.56679 , 0.43321
1673 , 0.618686 , 0.381314 , 0.568761 , 0.431239
1674 , 0.620476 , 0.379524 , 0.570631 , 0.429369
1675 , 0.622169 , 0.377831 , 0.572399 , 0.427601
1676 , 0.623764 , 0.376236 , 0.574066 , 0.425934
1677 , 0.625263 , 0.374737 , 0.575634 , 0.424366
1678 , 0.626666 , 0.373334 , 0.577104 , 0.422896
1679 , 0.627976 , 0.372024 , 0.578476 , 0.421524
1680 , 0.629192 , 0.370808 , 0.57975 , 0.42025
1681 , 0.630316 , 0.369684 , 0.580928 , 0.419072
1682 , 0.631348 , 0.368652 , 0.58201 , 0.41799
1683 , 0.632289 , 0.367711 , 0.582998 , 0.417002
1684 , 0.633139 , 0.366861 , 0.58389 , 0.41611
1685 , 0.633899 , 0.366101 , 0.584689 , 0.415311
1686 , 0.63457 , 0.36543 , 0.585394 , 0.414606
1687 , 0.635153 , 0.364847 , 0.586005 , 0.413995
1688 , 0.635646 , 0.364354 , 0.586524 , 0.413476
1689 , 0.636051 , 0.363949 , 0.58695 , 0.41305
1690 , 0.636369 , 0.363631 , 0.587283 , 0.412717
1691 , 0.636598 , 0.363402 , 0.587525 , 0.412475
1692 , 0.63674 , 0.36326 , 0.587674 , 0.412326
1693 , 0.636795 , 0.363205 , 0.587731 , 0.412269
1694 , 0.636762 , 0.363238 , 0.587697 , 0.412303
1695 , 0.636641 , 0.363359 , 0.58757 , 0.41243
1696 , 0.636433 , 0.363567 , 0.587351 , 0.412649
1697 , 0.636138 , 0.363862 , 0.58704 , 0.41296
1698 , 0.635754 , 0.364246 , 0.586637 , 0.413363
1699 , 0.635282 , 0.364718 , 0.586141 , 0.413859
1700 , 0.634722 , 0.365278 , 0.585553 , 0.414447
1701 , 0.634073 , 0.365927 , 0.584871 , 0.415129
1702 , 0.633335 , 0.366665 , 0.584096 , 0.415904
1703 , 0.632506 , 0.367494 , 0.583226 , 0.416774
1704 , 0.631588 , 0.368412 , 0.582262 , 0.417738
1705 , 0.630579 , 0.369421 , 0.581204 , 0.418796
1706 , 0.629477 , 0.370523 , 0.580049 , 0.419951
1707 , 0.628284 , 0.371716 , 0.578798 , 0.421202
1708 , 0.626998 , 0.373002 , 0.577451 , 0.422549
1709 , 0.625617 , 0.374383 , 0.576006 , 0.423994
1710 , 0.624142 , 0.375858 , 0.574462 , 0.425538
1711 , 0.62257 , 0.37743 , 0.572819 , 0.427181
1712 , 0.620902 , 0.379098 , 0.571076 , 0.428924
1713 , 0.619136 , 0.380864 , 0.569231 , 0.430769
1714 , 0.617271 , 0.382729 , 0.567285 , 0.432715
1715 , 0.615305 , 0.384695 , 0.565235 , 0.434765
1716 , 0.613238 , 0.386762 , 0.563082 , 0.436918
1717 , 0.611068 , 0.388932 , 0.560823 , 0.439177
1718 , 0.608793 , 0.391207 , 0.558457 , 0.441543
1719 , 0.606413 , 0.393587 , 0.555984 , 0.444016
1720 , 0.603925 , 0.396075 , 0.553402 , 0.446598
1721 , 0.601329 , 0.398671 , 0.550709 , 0.449291
1722 , 0.598622 , 0.401378 , 0.547905 , 0.452095
1723 , 0.595803 , 0.404197 , 0.544988 , 0.455012
1724 , 0.59287 , 0.40713 , 0.541957 , 0.458043
1725 , 0.589821 , 0.410179 , 0.53881 , 0.46119
1726 , 0.586655 , 0.413345 , 0.535545 , 0.464455
1727 , 0.583369 , 0.416631 , 0.532162 , 0.467838
1728 , 0.579962 , 0.420038 , 0.528659 , 0.471341
1729 , 0.576432 , 0.423568 , 0.525034 , 0.474966
1730 , 0.572776 , 0.427224 , 0.521286 , 0.478714
1731 , 0.568993 , 0.431007 , 0.517413 , 0.482587
1732 , 0.56508 , 0.43492 , 0.513413 , 0.486587
1733 , 0.561036 , 0.438964 , 0.509285 , 0.490715
1734 , 0.556857 , 0.443143 , 0.505028 , 0.494972
1735 , 0.552543 , 0.447457 , 0.50064 , 0.49936
1736 , 0.548091 , 0.451909 , 0.496119 , 0.503881
1737 , 0.543498 , 0.456502 , 0.491463 , 0.508537
1738 , 0.538763 , 0.461237 , 0.486673 , 0.513327
1739 , 0.533883 , 0.466117 , 0.481745 , 0.518255
1740 , 0.528855 , 0.471145 , 0.476678 , 0.523322
1741 , 0.523679 , 0.476321 , 0.471472 , 0.528528
1742 , 0.518351 , 0.481649 , 0.466125 , 0.533875
1743 , 0.51287 , 0.48713 , 0.460636 , 0.539364
1744 , 0.507234 , 0.492766 , 0.455003 , 0.544997
1745 , 0.50144 , 0.49856 , 0.449227 , 0.550773
1746 , 0.495487 , 0.504513 , 0.443305 , 0.556695
1747 , 0.489373 , 0.510627 , 0.437238 , 0.562762
1748 , 0.483096 , 0.516904 , 0.431024 , 0.568976
1749 , 0.476656 , 0.523344 , 0.424664 , 0.575336
1750 , 0.470049 , 0.529951 , 0.418157 , 0.581843
1751 , 0.463277 , 0.536723 , 0.411504 , 0.588496
1752 , 0.456336 , 0.543664 , 0.404705 , 0.595295
1753 , 0.449228 , 0.550772 , 0.397759 , 0.602241
1754 , 0.441951 , 0.558049 , 0.390669 , 0.609331
1755 , 0.434505 , 0.565495 , 0.383436 , 0.616564
1756 , 0.426891 , 0.573109 , 0.37606 , 0.62394
1757 , 0.419108 , 0.580892 , 0.368545 , 0.631455
1758 , 0.411159 , 0.588841 , 0.360891 , 0.639109
1759 , 0.403044 , 0.596956 , 0.353103 , 0.646897
1760 , 0.394765 , 0.605235 , 0.345182 , 0.654818
1761 , 0.386325 , 0.613675 , 0.337133 , 0.662867
1762 , 0.377727 , 0.622273 , 0.32896 , 0.67104
1763 , 0.368974 , 0.631026 , 0.320668 , 0.679332
1764 , 0.36007 , 0.63993 , 0.312262 , 0.687738
1765 , 0.351021 , 0.648979 , 0.303747 , 0.696253
1766 , 0.341832 , 0.658168 , 0.295132 , 0.704868
1767 , 0.332509 , 0.667491 , 0.286422 , 0.713578
1768 , 0.32306 , 0.67694 , 0.277626 , 0.722374
1769 , 0.313494 , 0.686506 , 0.268752 , 0.731248
1770 , 0.303818 , 0.696182 , 0.25981 , 0.74019
1771 , 0.294044 , 0.705956 , 0.250811 , 0.749189
1772 , 0.284182 , 0.715818 , 0.241765 , 0.758235
1773 , 0.274246 , 0.725754 , 0.232684 , 0.767316
1774 , 0.264247 , 0.735753 , 0.22358 , 0.77642
1775 , 0.254201 , 0.745799 , 0.214469 , 0.785531
1776 , 0.244123 , 0.755877 , 0.205363 , 0.794637
1777 , 0.234031 , 0.765969 , 0.196278 , 0.803722
1778 , 0.223941 , 0.776059 , 0.18723 , 0.81277
1779 , 0.213874 , 0.786126 , 0.178236 , 0.821764
1780 , 0.203849 , 0.796151 , 0.169314 , 0.830686
1781 , 0.193889 , 0.806111 , 0.160481 , 0.839519
1782 , 0.184014 , 0.815986 , 0.151758 , 0.848242
1783 , 0.17425 , 0.82575 , 0.143164 , 0.856836
1784 , 0.164621 , 0.835379 , 0.134718 , 0.865282
1785 , 0.155152 , 0.844848 , 0.126442 , 0.873558
1786 , 0.145869 , 0.854131 , 0.118358 , 0.881642
1787 , 0.1368 , 0.8632 , 0.110486 , 0.889514
1788 , 0.127971 , 0.872029 , 0.102848 , 0.897152
1789 , 0.119411 , 0.880589 , 0.0954658 , 0.904534
1790 , 0.111148 , 0.888852 , 0.0883619 , 0.911638
1791 , 0.10321 , 0.89679 , 0.0815576 , 0.918442
1792 , 0.0956244 , 0.904376 , 0.0750741 , 0.924926
1793 , 0.0884195 , 0.911581 , 0.0689325 , 0.931067
1794 , 0.081622 , 0.918378 , 0.0631531 , 0.936847
1795 , 0.0752583 , 0.924742 , 0.0577554 , 0.942245
1796 , 0.0693536 , 0.930646 , 0.0527583 , 0.947242
1797 , 0.0639319 , 0.936068 , 0.0481793 , 0.951821
1798 , 0.0590157 , 0.940984 , 0.0440351 , 0.955965
1799 , 0.0546257 , 0.945374 , 0.0403407 , 0.959659
1800 , 0.050781 , 0.949219 , 0.03711 , 0.96289
1801 , 0.0474984 , 0.952502 , 0.0343552 , 0.965645
1802 , 0.0447924 , 0.955208 , 0.0320868 , 0.967913
1803 , 0.0426751 , 0.957325 , 0.0303134 , 0.969687
1804 , 0.0411561 , 0.958844 , 0.0290421 , 0.970958
1805 , 0.0402425 , 0.959758 , 0.0282777 , 0.971722
1806 , 0.0399383 , 0.960062 , 0.0280232 , 0.971977
1807 , 0.0402449 , 0.959755 , 0.0282797 , 0.97172
1808 , 0.0411609 , 0.958839 , 0.0290461 , 0.970954
1809 , 0.0426822 , 0.957318 , 0.0303194 , 0.969681
1810 , 0.0448018 , 0.955198 , 0.0320947 , 0.967905
1811 , 0.0475101 , 0.95249 , 0.0343651 , 0.965635
1812 , 0.050795 , 0.949205 , 0.0371218 , 0.962878
1813 , 0.0546419 , 0.945358 , 0.0403543 , 0.959646
1814 , 0.059034 , 0.940966 , 0.0440505 , 0.95595
1815 , 0.0639522 , 0.936048 , 0.0481965 , 0.951804
1816 , 0.0693759 , 0.930624 , 0.0527771 , 0.947223
1817 , 0.0752824 , 0.924718 , 0.0577759 , 0.942224
1818 , 0.0816479 , 0.918352 , 0.0631751 , 0.936825
1819 , 0.088447 , 0.911553 , 0.0689559 , 0.931044
1820 , 0.0956535 , 0.904347 , 0.0750989 , 0.924901
1821 , 0.10324 , 0.89676 , 0.0815837 , 0.918416
1822 , 0.11118 , 0.88882 , 0.0883892 , 0.911611
1823 , 0.119444 , 0.880556 , 0.0954943 , 0.904506
1824 , 0.128005 , 0.871995 , 0.102877 , 0.897123
1825 , 0.136835 , 0.863165 , 0.110516 , 0.889484
1826 , 0.145905 , 0.854095 , 0.118389 , 0.881611
1827 , 0.155189 , 0.844811 , 0.126474 , 0.873526
1828 , 0.164659 , 0.835341 , 0.134751 , 0.865249
1829 , 0.174288 , 0.825712 , 0.143197 , 0.856803
1830 , 0.184053 , 0.815947 , 0.151792 , 0.848208
1831 , 0.193928 , 0.806072 , 0.160516 , 0.839484
1832 , 0.203889 , 0.796111 , 0.169349 , 0.830651
1833 , 0.213914 , 0.786086 , 0.178271 , 0.821729
1834 , 0.223981 , 0.776019 , 0.187265 , 0.812735
1835 , 0.23407 , 0.76593 , 0.196313 , 0.803687
1836 , 0.244163 , 0.755837 , 0.205398 , 0.794602
1837 , 0.254241 , 0.745759 , 0.214504 , 0.785496
1838 , 0.264286 , 0.735714 , 0.223616 , 0.776384
1839 , 0.274285 , 0.725715 , 0.232719 , 0.767281
1840 , 0.284221 , 0.715779 , 0.2418 , 0.7582
1841 , 0.294082 , 0.705918 , 0.250846 , 0.749154
1842 , 0.303856 , 0.696144 , 0.259846 , 0.740154
1843 , 0.313531 , 0.686469 , 0.268787 , 0.731213
1844 , 0.323098 , 0.676902 , 0.27766 , 0.72234
1845 , 0.332546 , 0.667454 , 0.286456 , 0.713544
1846 , 0.341868 , 0.658132 , 0.295166 , 0.704834
1847 , 0.351057 , 0.648943 , 0.303781 , 0.696219
1848 , 0.360106 , 0.639894 , 0.312295 , 0.687705
1849 , 0.369009 , 0.630991 , 0.320701 , 0.679299
1850 , 0.377761 , 0.622239 , 0.328993 , 0.671007
1851 , 0.386359 , 0.613641 , 0.337165 , 0.662835
1852 , 0.394798 , 0.605202 , 0.345213 , 0.654787
1853 , 0.403076 , 0.596924 , 0.353133 , 0.646867
1854 , 0.411191 , 0.588809 , 0.360921 , 0.639079
1855 , 0.419139 , 0.580861 , 0.368574 , 0.631426
1856 , 0.426921 , 0.573079 , 0.37609 , 0.62391
1857 , 0.434535 , 0.565465 , 0.383465 , 0.616535
1858 , 0.44198 , 0.55802 , 0.390698 , 0.609302
1859 , 0.449256 , 0.550744 , 0.397787 , 0.602213
1860 , 0.456364 , 0.543636 , 0.404732 , 0.595268
1861 , 0.463304 , 0.536696 , 0.41153 , 0.58847
1862 , 0.470076 , 0.529924 , 0.418183 , 0.581817
1863 , 0.476681 , 0.523319 , 0.424689 , 0.575311
1864 , 0.483121 , 0.516879 , 0.431049 , 0.568951
1865 , 0.489397 , 0.510603 , 0.437262 , 0.562738
1866 , 0.495511 , 0.504489 , 0.443329 , 0.556671
1867 , 0.501463 , 0.498537 , 0.44925 , 0.55075
1868 , 0.507256 , 0.492744 , 0.455026 , 0.544974
1869 , 0.512892 , 0.487108 , 0.460658 , 0.539342
1870 , 0.518373 , 0.481627 , 0.466146 , 0.533854
1871 , 0.5237 , 0.4763 , 0.471493 , 0.528507
1872 , 0.528875 , 0.471125 , 0.476699 , 0.523301
1873 , 0.533902 , 0.466098 , 0.481764 , 0.518236
1874 , 0.538782 , 0.461218 , 0.486692 , 0.513308
1875 , 0.543516 , 0.456484 , 0.491482 , 0.508518
1876 , 0.548109 , 0.451891 , 0.496137 , 0.503863
1877 , 0.552561 , 0.447439 , 0.500657 , 0.499343
1878 , 0.556874 , 0.443126 , 0.505045 , 0.494955
1879 , 0.561052 , 0.438948 , 0.509302 , 0.490698
1880 , 0.565096 , 0.434904 , 0.513429 , 0.486571
1881 , 0.569008 , 0.430992 , 0.517428 , 0.482572
1882 , 0.57279 , 0.42721 , 0.521301 , 0.478699
1883 , 0.576446 , 0.423554 , 0.525049 , 0.474951
1884 , 0.579976 , 0.420024 , 0.528673 , 0.471327
1885 , 0.583382 , 0.416618 , 0.532176 , 0.467824
1886 , 0.586667 , 0.413333 , 0.535559 , 0.464441
1887 , 0.589833 , 0.410167 , 0.538822 , 0.461178
1888 , 0.592881 , 0.407119 , 0.541969 , 0.458031
1889 , 0.595814 , 0.404186 , 0.545 , 0.455
1890 , 0.598633 , 0.401367 , 0.547916 , 0.452084
1891 , 0.601339 , 0.398661 , 0.55072 , 0.44928
1892 , 0.603935 , 0.396065 , 0.553412 , 0.446588
1893 , 0.606422 , 0.393578 , 0.555994 , 0.444006
1894 , 0.608802 , 0.391198 , 0.558466 , 0.441534
1895 , 0.611077 , 0.388923 , 0.560832 , 0.439168
1896 , 0.613246 , 0.386754 , 0.56309 , 0.43691
1897 , 0.615313 , 0.384687 , 0.565244 , 0.434756
1898 , 0.617278 , 0.382722 , 0.567293 , 0.432707
1899 , 0.619143 , 0.380857 , 0.569239 , 0.430761
1900 , 0.620909 , 0.379091 , 0.571083 , 0.428917
1901 , 0.622577 , 0.377423 , 0.572825 , 0.427175
1902 , 0.624148 , 0.375852 , 0.574468 , 0.425532
1903 , 0.625623 , 0.374377 , 0.576011 , 0.423989
1904 , 0.627003 , 0.372997 , 0.577456 , 0.422544
1905 , 0.628289 , 0.371711 , 0.578804 , 0.421196
1906 , 0.629482 , 0.370518 , 0.580054 , 0.419946
1907 , 0.630583 , 0.369417 , 0.581208 , 0.418792
1908 , 0.631592 , 0.368408 , 0.582266 , 0.417734
1909 , 0.63251 , 0.36749 , 0.58323 , 0.41677
1910 , 0.633338 , 0.366662 , 0.584099 , 0.415901
1911 , 0.634076 , 0.365924 , 0.584874 , 0.415126
1912 , 0.634724 , 0.365276 , 0.585555 , 0.414445
1913 , 0.635284 , 0.364716 , 0.586144 , 0.413856
1914 , 0.635756 , 0.364244 , 0.586639 , 0.413361
1915 , 0.636139 , 0.363861 , 0.587042 , 0.412958
1916 , 0.636434 , 0.363566 , 0.587352 , 0.412648
1917 , 0.636642 , 0.363358 , 0.587571 , 0.412429
1918 , 0.636762 , 0.363238 , 0.587697 , 0.412303
1919 , 0.636795 , 0.363205 , 0.587731 , 0.412269
1920 , 0.63674 , 0.36326 , 0.587673 , 0.412327
1921 , 0.636598 , 0.363402 , 0.587524 , 0.412476
1922 , 0.636368 , 0.363632 , 0.587282 , 0.412718
1923 , 0.63605 , 0.36395 , 0.586948 , 0.413052
1924 , 0.635644 , 0.364356 , 0.586522 , 0.413478
1925 , 0.63515 , 0.36485 , 0.586003 , 0.413997
1926 , 0.634568 , 0.365432 , 0.585391 , 0.414609
1927 , 0.633897 , 0.366103 , 0.584686 , 0.415314
1928 , 0.633136 , 0.366864 , 0.583887 , 0.416113
1929 , 0.632285 , 0.367715 , 0.582994 , 0.417006
1930 , 0.631344 , 0.368656 , 0.582006 , 0.417994
1931 , 0.630312 , 0.369688 , 0.580924 , 0.419076
1932 , 0.629188 , 0.370812 , 0.579745 , 0.420255
1933 , 0.627971 , 0.372029 , 0.57847 , 0.42153
1934 , 0.626661 , 0.373339 , 0.577098 , 0.422902
1935 , 0.625257 , 0.374743 , 0.575629 , 0.424371
1936 , 0.623758 , 0.376242 , 0.57406 , 0.42594
1937 , 0.622162 , 0.377838 , 0.572392 , 0.427608
1938 , 0.62047 , 0.37953 , 0.570624 , 0.429376
1939 , 0.618679 , 0.381321 , 0.568754 , 0.431246
1940 , 0.616788 , 0.383212 , 0.566782 , 0.433218
1941 , 0.614797 , 0.385203 , 0.564706 , 0.435294
1942 , 0.612705 , 0.387295 , 0.562526 , 0.437474
1943 , 0.610508 , 0.389492 , 0.560241 , 0.439759
1944 , 0.608208 , 0.391792 , 0.557848 , 0.442152
1945 , 0.605801 , 0.394199 , 0.555348 , 0.444652
1946 , 0.603286 , 0.396714 , 0.552738 , 0.447262
1947 , 0.600662 , 0.399338 , 0.550018 , 0.449982
1948 , 0.597927 , 0.402073 , 0.547186 , 0.452814
1949 , 0.595079 , 0.404921 , 0.54424 , 0.45576
1950 , 0.592118 , 0.407882 , 0.54118 , 0.45882
1951 , 0.58904 , 0.41096 , 0.538004 , 0.461996
1952 , 0.585844 , 0.414156 , 0.53471 , 0.46529
1953 , 0.582528 , 0.417472 , 0.531297 , 0.468703
1954 , 0.57909 , 0.42091 , 0.527764 , 0.472236
1955 , 0.575529 , 0.424471 , 0.524108 , 0.475892
1956 , 0.571841 , 0.428159 , 0.520328 , 0.479672
1957 , 0.568026 , 0.431974 , 0.516424 , 0.483576
1958 , 0.56408 , 0.43592 , 0.512392 , 0.487608
1959 , 0.560003 , 0.439997 , 0.508232 , 0.491768
1960 , 0.555791 , 0.444209 , 0.503942 , 0.496058
1961 , 0.551442 , 0.448558 , 0.499521 , 0.500479
1962 , 0.546955 , 0.453045 , 0.494966 , 0.505034
1963 , 0.542327 , 0.457673 , 0.490277 , 0.509723
1964 , 0.537555 , 0.462445 , 0.485452 , 0.514548
1965 , 0.532638 , 0.467362 , 0.48049 , 0.51951
1966 , 0.527574 , 0.472426 , 0.475389 , 0.524611
1967 , 0.52236 , 0.47764 , 0.470147 , 0.529853
1968 , 0.516994 , 0.483006 , 0.464765 , 0.535235
1969 , 0.511475 , 0.488525 , 0.45924 , 0.54076
1970 , 0.505799 , 0.494201 , 0.453571 , 0.546429
1971 , 0.499965 , 0.500035 , 0.447758 , 0.552242
1972 , 0.493972 , 0.506028 , 0.4418 , 0.5582
1973 , 0.487818 , 0.512182 , 0.435696 , 0.564304
1974 , 0.4815 , 0.5185 , 0.429446 , 0.570554
1975 , 0.475018 , 0.524982 , 0.42305 , 0.57695
1976 , 0.46837 , 0.53163 , 0.416506 , 0.583494
1977 , 0.461556 , 0.538444 , 0.409816 , 0.590184
1978 , 0.454573 , 0.545427 , 0.40298 , 0.59702
1979 , 0.447423 , 0.552577 , 0.395999 , 0.604001
1980 , 0.440103 , 0.559897 , 0.388873 , 0.611127
1981 , 0.432615 , 0.567385 , 0.381603 , 0.618397
1982 , 0.424959 , 0.575041 , 0.374193 , 0.625807
1983 , 0.417135 , 0.582865 , 0.366642 , 0.633358
1984 , 0.409144 , 0.590856 , 0.358955 , 0.641045
1985 , 0.400988 , 0.599012 , 0.351133 , 0.648867
1986 , 0.392668 , 0.607332 , 0.34318 , 0.65682
1987 , 0.384188 , 0.615812 , 0.335099 , 0.664901
1988 , 0.375551 , 0.624449 , 0.326896 , 0.673104
1989 , 0.36676 , 0.63324 , 0.318575 , 0.681425
1990 , 0.357819 , 0.642181 , 0.310141 , 0.689859
1991 , 0.348734 , 0.651266 , 0.301601 , 0.698399
1992 , 0.339511 , 0.660489 , 0.292961 , 0.707039
1993 , 0.330156 , 0.669844 , 0.284228 , 0.715772
1994 , 0.320677 , 0.679323 , 0.275412 , 0.724588
1995 , 0.311082 , 0.688918 , 0.26652 , 0.73348
1996 , 0.301381 , 0.698619 , 0.257563 , 0.742437
1997 , 0.291584 , 0.708416 , 0.248551 , 0.751449
1998 , 0.281702 , 0.718298 , 0.239495 , 0.760505
1999 , 0.271749 , 0.728251 , 0.230407 , 0.769593
