1000 , 0.267076 , 0.732924 , 0.231409 , 0.768591
1001 , 0.268263 , 0.731737 , 0.232419 , 0.767581
1002 , 0.269439 , 0.730561 , 0.23342 , 0.76658
1003 , 0.270605 , 0.729395 , 0.234413 , 0.765587
1004 , 0.271761 , 0.728239 , 0.235398 , 0.764602
1005 , 0.272906 , 0.727094 , 0.236375 , 0.763625
1006 , 0.274041 , 0.725959 , 0.237343 , 0.762657
1007 , 0.275166 , 0.724834 , 0.238303 , 0.761697
1008 , 0.276279 , 0.723721 , 0.239255 , 0.760745
1009 , 0.277383 , 0.722617 , 0.240198 , 0.759802
1010 , 0.278475 , 0.721525 , 0.241132 , 0.758868
1011 , 0.279557 , 0.720443 , 0.242058 , 0.757942
1012 , 0.280628 , 0.719372 , 0.242975 , 0.757025
1013 , 0.281688 , 0.718312 , 0.243883 , 0.756117
1014 , 0.282737 , 0.717263 , 0.244782 , 0.755218
1015 , 0.283775 , 0.716225 , 0.245672 , 0.754328
1016 , 0.284802 , 0.715198 , 0.246554 , 0.753446
1017 , 0.285818 , 0.714182 , 0.247426 , 0.752574
1018 , 0.286823 , 0.713177 , 0.248289 , 0.751711
1019 , 0.287817 , 0.712183 , 0.249143 , 0.750857
1020 , 0.288799 , 0.711201 , 0.249988 , 0.750012
1021 , 0.28977 , 0.71023 , 0.250823 , 0.749177
1022 , 0.29073 , 0.70927 , 0.251649 , 0.748351
1023 , 0.291678 , 0.708322 , 0.252466 , 0.747534
1024 , 0.292615 , 0.707385 , 0.253273 , 0.746727
1025 , 0.293541 , 0.706459 , 0.254071 , 0.745929
1026 , 0.294455 , 0.705545 , 0.254859 , 0.745141
1027 , 0.295357 , 0.704643 , 0.255638 , 0.744362
1028 , 0.296248 , 0.703752 , 0.256407 , 0.743593
1029 , 0.297127 , 0.702873 , 0.257166 , 0.742834
1030 , 0.297995 , 0.702005 , 0.257916 , 0.742084
1031 , 0.298851 , 0.701149 , 0.258656 , 0.741344
1032 , 0.299695 , 0.700305 , 0.259386 , 0.740614
1033 , 0.300528 , 0.699472 , 0.260106 , 0.739894
1034 , 0.301349 , 0.698651 , 0.260816 , 0.739184
1035 , 0.302157 , 0.697843 , 0.261517 , 0.738483
1036 , 0.302954 , 0.697046 , 0.262207 , 0.737793
1037 , 0.30374 , 0.69626 , 0.262888 , 0.737112
1038 , 0.304513 , 0.695487 , 0.263558 , 0.736442
1039 , 0.305274 , 0.694726 , 0.264218 , 0.735782
1040 , 0.306024 , 0.693976 , 0.264869 , 0.735131
1041 , 0.306761 , 0.693239 , 0.265509 , 0.734491
1042 , 0.307487 , 0.692513 , 0.266139 , 0.733861
1043 , 0.3082 , 0.6918 , 0.266758 , 0.733242
1044 , 0.308901 , 0.691099 , 0.267368 , 0.732632
1045 , 0.309591 , 0.690409 , 0.267967 , 0.732033
1046 , 0.310268 , 0.689732 , 0.268556 , 0.731444
1047 , 0.310933 , 0.689067 , 0.269134 , 0.730866
1048 , 0.311586 , 0.688414 , 0.269702 , 0.730298
1049 , 0.312227 , 0.687773 , 0.27026 , 0.72974
1050 , 0.312855 , 0.687145 , 0.270808 , 0.729192
1051 , 0.313472 , 0.686528 , 0.271345 , 0.728655
1052 , 0.314076 , 0.685924 , 0.271871 , 0.728129
1053 , 0.314668 , 0.685332 , 0.272387 , 0.727613
1054 , 0.315248 , 0.684752 , 0.272892 , 0.727108
1055 , 0.315815 , 0.684185 , 0.273387 , 0.726613
1056 , 0.31637 , 0.68363 , 0.273872 , 0.726128
1057 , 0.316913 , 0.683087 , 0.274345 , 0.725655
1058 , 0.317444 , 0.682556 , 0.274809 , 0.725191
1059 , 0.317962 , 0.682038 , 0.275261 , 0.724739
1060 , 0.318468 , 0.681532 , 0.275703 , 0.724297
1061 , 0.318962 , 0.681038 , 0.276134 , 0.723866
1062 , 0.319443 , 0.680557 , 0.276555 , 0.723445
1063 , 0.319912 , 0.680088 , 0.276964 , 0.723036
1064 , 0.320368 , 0.679632 , 0.277364 , 0.722636
1065 , 0.320812 , 0.679188 , 0.277752 , 0.722248
1066 , 0.321244 , 0.678756 , 0.27813 , 0.72187
1067 , 0.321663 , 0.678337 , 0.278496 , 0.721504
1068 , 0.32207 , 0.67793 , 0.278852 , 0.721148
1069 , 0.322465 , 0.677535 , 0.279198 , 0.720802
1070 , 0.322847 , 0.677153 , 0.279532 , 0.720468
1071 , 0.323216 , 0.676784 , 0.279856 , 0.720144
1072 , 0.323573 , 0.676427 , 0.280168 , 0.719832
1073 , 0.323918 , 0.676082 , 0.28047 , 0.71953
1074 , 0.32425 , 0.67575 , 0.280761 , 0.719239
1075 , 0.32457 , 0.67543 , 0.281041 , 0.718959
1076 , 0.324877 , 0.675123 , 0.28131 , 0.71869
1077 , 0.325172 , 0.674828 , 0.281569 , 0.718431
1078 , 0.325454 , 0.674546 , 0.281816 , 0.718184
1079 , 0.325724 , 0.674276 , 0.282053 , 0.717947
1080 , 0.325981 , 0.674019 , 0.282278 , 0.717722
1081 , 0.326226 , 0.673774 , 0.282493 , 0.717507
1082 , 0.326458 , 0.673542 , 0.282696 , 0.717304
1083 , 0.326678 , 0.673322 , 0.282889 , 0.717111
1084 , 0.326885 , 0.673115 , 0.283071 , 0.716929
1085 , 0.327079 , 0.672921 , 0.283242 , 0.716758
1086 , 0.327261 , 0.672739 , 0.283401 , 0.716599
1087 , 0.327431 , 0.672569 , 0.28355 , 0.71645
1088 , 0.327588 , 0.672412 , 0.283688 , 0.716312
1089 , 0.327732 , 0.672268 , 0.283815 , 0.716185
1090 , 0.327864 , 0.672136 , 0.28393 , 0.71607
1091 , 0.327984 , 0.672016 , 0.284035 , 0.715965
1092 , 0.328091 , 0.671909 , 0.284129 , 0.715871
1093 , 0.328185 , 0.671815 , 0.284212 , 0.715788
1094 , 0.328266 , 0.671734 , 0.284283 , 0.715717
1095 , 0.328336 , 0.671664 , 0.284344 , 0.715656
1096 , 0.328392 , 0.671608 , 0.284394 , 0.715606
1097 , 0.328436 , 0.671564 , 0.284432 , 0.715568
1098 , 0.328468 , 0.671532 , 0.28446 , 0.71554
1099 , 0.328487 , 0.671513 , 0.284477 , 0.715523
1100 , 0.328493 , 0.671507 , 0.284482 , 0.715518
1101 , 0.328487 , 0.671513 , 0.284477 , 0.715523
1102 , 0.328468 , 0.671532 , 0.28446 , 0.71554
1103 , 0.328436 , 0.671564 , 0.284433 , 0.715567
1104 , 0.328393 , 0.671607 , 0.284394 , 0.715606
1105 , 0.328336 , 0.671664 , 0.284345 , 0.715655
1106 , 0.328267 , 0.671733 , 0.284284 , 0.715716
1107 , 0.328185 , 0.671815 , 0.284212 , 0.715788
1108 , 0.328091 , 0.671909 , 0.28413 , 0.71587
1109 , 0.327985 , 0.672015 , 0.284036 , 0.715964
1110 , 0.327865 , 0.672135 , 0.283931 , 0.716069
1111 , 0.327734 , 0.672266 , 0.283816 , 0.716184
1112 , 0.327589 , 0.672411 , 0.283689 , 0.716311
1113 , 0.327432 , 0.672568 , 0.283551 , 0.716449
1114 , 0.327263 , 0.672737 , 0.283403 , 0.716597
1115 , 0.327081 , 0.672919 , 0.283243 , 0.716757
1116 , 0.326886 , 0.673114 , 0.283072 , 0.716928
1117 , 0.326679 , 0.673321 , 0.282891 , 0.717109
1118 , 0.32646 , 0.67354 , 0.282698 , 0.717302
1119 , 0.326228 , 0.673772 , 0.282495 , 0.717505
1120 , 0.325983 , 0.674017 , 0.28228 , 0.71772
1121 , 0.325726 , 0.674274 , 0.282055 , 0.717945
1122 , 0.325456 , 0.674544 , 0.281818 , 0.718182
1123 , 0.325174 , 0.674826 , 0.281571 , 0.718429
1124 , 0.32488 , 0.67512 , 0.281313 , 0.718687
1125 , 0.324573 , 0.675427 , 0.281044 , 0.718956
1126 , 0.324253 , 0.675747 , 0.280764 , 0.719236
1127 , 0.323921 , 0.676079 , 0.280473 , 0.719527
1128 , 0.323576 , 0.676424 , 0.280171 , 0.719829
1129 , 0.323219 , 0.676781 , 0.279858 , 0.720142
1130 , 0.32285 , 0.67715 , 0.279535 , 0.720465
1131 , 0.322468 , 0.677532 , 0.2792 , 0.7208
1132 , 0.322074 , 0.677926 , 0.278855 , 0.721145
1133 , 0.321667 , 0.678333 , 0.278499 , 0.721501
1134 , 0.321248 , 0.678752 , 0.278133 , 0.721867
1135 , 0.320816 , 0.679184 , 0.277755 , 0.722245
1136 , 0.320372 , 0.679628 , 0.277367 , 0.722633
1137 , 0.319916 , 0.680084 , 0.276968 , 0.723032
1138 , 0.319447 , 0.680553 , 0.276558 , 0.723442
1139 , 0.318966 , 0.681034 , 0.276138 , 0.723862
1140 , 0.318472 , 0.681528 , 0.275707 , 0.724293
1141 , 0.317966 , 0.682034 , 0.275265 , 0.724735
1142 , 0.317448 , 0.682552 , 0.274812 , 0.725188
1143 , 0.316918 , 0.683082 , 0.274349 , 0.725651
1144 , 0.316375 , 0.683625 , 0.273876 , 0.726124
1145 , 0.31582 , 0.68418 , 0.273391 , 0.726609
1146 , 0.315252 , 0.684748 , 0.272897 , 0.727103
1147 , 0.314673 , 0.685327 , 0.272391 , 0.727609
1148 , 0.314081 , 0.685919 , 0.271875 , 0.728125
1149 , 0.313477 , 0.686523 , 0.271349 , 0.728651
1150 , 0.31286 , 0.68714 , 0.270812 , 0.729188
1151 , 0.312232 , 0.687768 , 0.270265 , 0.729735
1152 , 0.311591 , 0.688409 , 0.269707 , 0.730293
1153 , 0.310938 , 0.689062 , 0.269139 , 0.730861
1154 , 0.310273 , 0.689727 , 0.268561 , 0.731439
1155 , 0.309596 , 0.690404 , 0.267972 , 0.732028
1156 , 0.308907 , 0.691093 , 0.267373 , 0.732627
1157 , 0.308206 , 0.691794 , 0.266763 , 0.733237
1158 , 0.307493 , 0.692507 , 0.266144 , 0.733856
1159 , 0.306767 , 0.693233 , 0.265514 , 0.734486
1160 , 0.30603 , 0.69397 , 0.264874 , 0.735126
1161 , 0.305281 , 0.694719 , 0.264224 , 0.735776
1162 , 0.304519 , 0.695481 , 0.263564 , 0.736436
1163 , 0.303746 , 0.696254 , 0.262893 , 0.737107
1164 , 0.302961 , 0.697039 , 0.262213 , 0.737787
1165 , 0.302164 , 0.697836 , 0.261523 , 0.738477
1166 , 0.301355 , 0.698645 , 0.260822 , 0.739178
1167 , 0.300535 , 0.699465 , 0.260112 , 0.739888
1168 , 0.299702 , 0.700298 , 0.259392 , 0.740608
1169 , 0.298858 , 0.701142 , 0.258662 , 0.741338
1170 , 0.298002 , 0.701998 , 0.257922 , 0.742078
1171 , 0.297135 , 0.702865 , 0.257172 , 0.742828
1172 , 0.296255 , 0.703745 , 0.256413 , 0.743587
1173 , 0.295365 , 0.704635 , 0.255644 , 0.744356
1174 , 0.294462 , 0.705538 , 0.254866 , 0.745134
1175 , 0.293548 , 0.706452 , 0.254077 , 0.745923
1176 , 0.292623 , 0.707377 , 0.25328 , 0.74672
1177 , 0.291686 , 0.708314 , 0.252473 , 0.747527
1178 , 0.290738 , 0.709262 , 0.251656 , 0.748344
1179 , 0.289778 , 0.710222 , 0.25083 , 0.74917
1180 , 0.288807 , 0.711193 , 0.249995 , 0.750005
1181 , 0.287825 , 0.712175 , 0.24915 , 0.75085
1182 , 0.286831 , 0.713169 , 0.248296 , 0.751704
1183 , 0.285826 , 0.714174 , 0.247433 , 0.752567
1184 , 0.284811 , 0.715189 , 0.246561 , 0.753439
1185 , 0.283784 , 0.716216 , 0.24568 , 0.75432
1186 , 0.282746 , 0.717254 , 0.244789 , 0.755211
1187 , 0.281697 , 0.718303 , 0.24389 , 0.75611
1188 , 0.280637 , 0.719363 , 0.242982 , 0.757018
1189 , 0.279566 , 0.720434 , 0.242065 , 0.757935
1190 , 0.278484 , 0.721516 , 0.24114 , 0.75886
1191 , 0.277392 , 0.722608 , 0.240206 , 0.759794
1192 , 0.276289 , 0.723711 , 0.239263 , 0.760737
1193 , 0.275175 , 0.724825 , 0.238311 , 0.761689
1194 , 0.274051 , 0.725949 , 0.237351 , 0.762649
1195 , 0.272916 , 0.727084 , 0.236383 , 0.763617
1196 , 0.27177 , 0.72823 , 0.235406 , 0.764594
1197 , 0.270615 , 0.729385 , 0.234421 , 0.765579
1198 , 0.269449 , 0.730551 , 0.233428 , 0.766572
1199 , 0.268273 , 0.731727 , 0.232427 , 0.767573
1200 , 0.267086 , 0.732914 , 0.231418 , 0.768582
1201 , 0.26589 , 0.73411 , 0.2304 , 0.7696
1202 , 0.264683 , 0.735317 , 0.229375 , 0.770625
1203 , 0.263467 , 0.736533 , 0.228342 , 0.771658
1204 , 0.26224 , 0.73776 , 0.227302 , 0.772698
1205 , 0.261004 , 0.738996 , 0.226253 , 0.773747
1206 , 0.259759 , 0.740241 , 0.225198 , 0.774802
1207 , 0.258503 , 0.741497 , 0.224134 , 0.775866
1208 , 0.257238 , 0.742762 , 0.223064 , 0.776936
1209 , 0.255964 , 0.744036 , 0.221986 , 0.778014
1210 , 0.254681 , 0.745319 , 0.220901 , 0.779099
1211 , 0.253388 , 0.746612 , 0.219809 , 0.780191
1212 , 0.252086 , 0.747914 , 0.218709 , 0.781291
1213 , 0.250775 , 0.749225 , 0.217603 , 0.782397
1214 , 0.249455 , 0.750545 , 0.216491 , 0.783509
1215 , 0.248126 , 0.751874 , 0.215371 , 0.784629
1216 , 0.246788 , 0.753212 , 0.214245 , 0.785755
1217 , 0.245442 , 0.754558 , 0.213112 , 0.786888
1218 , 0.244088 , 0.755912 , 0.211973 , 0.788027
1219 , 0.242724 , 0.757276 , 0.210828 , 0.789172
1220 , 0.241353 , 0.758647 , 0.209677 , 0.790323
1221 , 0.239974 , 0.760026 , 0.208519 , 0.791481
1222 , 0.238586 , 0.761414 , 0.207356 , 0.792644
1223 , 0.23719 , 0.76281 , 0.206187 , 0.793813
1224 , 0.235787 , 0.764213 , 0.205012 , 0.794988
1225 , 0.234376 , 0.765624 , 0.203832 , 0.796168
1226 , 0.232958 , 0.767042 , 0.202646 , 0.797354
1227 , 0.231532 , 0.768468 , 0.201454 , 0.798546
1228 , 0.230098 , 0.769902 , 0.200258 , 0.799742
1229 , 0.228658 , 0.771342 , 0.199056 , 0.800944
1230 , 0.22721 , 0.77279 , 0.19785 , 0.80215
1231 , 0.225756 , 0.774244 , 0.196639 , 0.803361
1232 , 0.224295 , 0.775705 , 0.195422 , 0.804578
1233 , 0.222827 , 0.777173 , 0.194202 , 0.805798
1234 , 0.221353 , 0.778647 , 0.192977 , 0.807023
1235 , 0.219873 , 0.780127 , 0.191748 , 0.808252
1236 , 0.218386 , 0.781614 , 0.190514 , 0.809486
1237 , 0.216894 , 0.783106 , 0.189277 , 0.810723
1238 , 0.215396 , 0.784604 , 0.188035 , 0.811965
1239 , 0.213892 , 0.786108 , 0.18679 , 0.81321
1240 , 0.212383 , 0.787617 , 0.185541 , 0.814459
1241 , 0.210868 , 0.789132 , 0.184289 , 0.815711
1242 , 0.209348 , 0.790652 , 0.183034 , 0.816966
1243 , 0.207823 , 0.792177 , 0.181775 , 0.818225
1244 , 0.206294 , 0.793706 , 0.180514 , 0.819486
1245 , 0.204759 , 0.795241 , 0.179249 , 0.820751
1246 , 0.203221 , 0.796779 , 0.177982 , 0.822018
1247 , 0.201678 , 0.798322 , 0.176713 , 0.823287
1248 , 0.200131 , 0.799869 , 0.175441 , 0.824559
1249 , 0.19858 , 0.80142 , 0.174167 , 0.825833
1250 , 0.197026 , 0.802974 , 0.172891 , 0.827109
1251 , 0.195468 , 0.804532 , 0.171613 , 0.828387
1252 , 0.193907 , 0.806093 , 0.170334 , 0.829666
1253 , 0.192342 , 0.807658 , 0.169053 , 0.830947
1254 , 0.190775 , 0.809225 , 0.16777 , 0.83223
1255 , 0.189205 , 0.810795 , 0.166487 , 0.833513
1256 , 0.187633 , 0.812367 , 0.165202 , 0.834798
1257 , 0.186058 , 0.813942 , 0.163917 , 0.836083
1258 , 0.184482 , 0.815518 , 0.162631 , 0.837369
1259 , 0.182903 , 0.817097 , 0.161344 , 0.838656
1260 , 0.181324 , 0.818676 , 0.160058 , 0.839942
1261 , 0.179742 , 0.820258 , 0.158771 , 0.841229
1262 , 0.17816 , 0.82184 , 0.157484 , 0.842516
1263 , 0.176576 , 0.823424 , 0.156198 , 0.843802
1264 , 0.174992 , 0.825008 , 0.154912 , 0.845088
1265 , 0.173408 , 0.826592 , 0.153627 , 0.846373
1266 , 0.171823 , 0.828177 , 0.152343 , 0.847657
1267 , 0.170239 , 0.829761 , 0.151059 , 0.848941
1268 , 0.168655 , 0.831345 , 0.149777 , 0.850223
1269 , 0.167071 , 0.832929 , 0.148497 , 0.851503
1270 , 0.165488 , 0.834512 , 0.147218 , 0.852782
1271 , 0.163906 , 0.836094 , 0.145941 , 0.854059
1272 , 0.162325 , 0.837675 , 0.144666 , 0.855334
1273 , 0.160746 , 0.839254 , 0.143393 , 0.856607
1274 , 0.159169 , 0.840831 , 0.142123 , 0.857877
1275 , 0.157594 , 0.842406 , 0.140855 , 0.859145
1276 , 0.156021 , 0.843979 , 0.13959 , 0.86041
1277 , 0.15445 , 0.84555 , 0.138329 , 0.861671
1278 , 0.152883 , 0.847117 , 0.13707 , 0.86293
1279 , 0.151319 , 0.848681 , 0.135816 , 0.864184
1280 , 0.149758 , 0.850242 , 0.134564 , 0.865436
1281 , 0.1482 , 0.8518 , 0.133317 , 0.866683
1282 , 0.146647 , 0.853353 , 0.132074 , 0.867926
1283 , 0.145098 , 0.854902 , 0.130835 , 0.869165
1284 , 0.143554 , 0.856446 , 0.129601 , 0.870399
1285 , 0.142014 , 0.857986 , 0.128372 , 0.871628
1286 , 0.140479 , 0.859521 , 0.127147 , 0.872853
1287 , 0.13895 , 0.86105 , 0.125928 , 0.874072
1288 , 0.137426 , 0.862574 , 0.124714 , 0.875286
1289 , 0.135909 , 0.864091 , 0.123506 , 0.876494
1290 , 0.134397 , 0.865603 , 0.122304 , 0.877696
1291 , 0.132892 , 0.867108 , 0.121108 , 0.878892
1292 , 0.131394 , 0.868606 , 0.119918 , 0.880082
1293 , 0.129903 , 0.870097 , 0.118735 , 0.881265
1294 , 0.12842 , 0.87158 , 0.117558 , 0.882442
1295 , 0.126944 , 0.873056 , 0.116389 , 0.883611
1296 , 0.125476 , 0.874524 , 0.115226 , 0.884774
1297 , 0.124016 , 0.875984 , 0.114071 , 0.885929
1298 , 0.122565 , 0.877435 , 0.112924 , 0.887076
1299 , 0.121123 , 0.878877 , 0.111784 , 0.888216
1300 , 0.11969 , 0.88031 , 0.110653 , 0.889347
1301 , 0.118267 , 0.881733 , 0.10953 , 0.89047
1302 , 0.116853 , 0.883147 , 0.108415 , 0.891585
1303 , 0.11545 , 0.88455 , 0.107309 , 0.892691
1304 , 0.114057 , 0.885943 , 0.106213 , 0.893787
1305 , 0.112674 , 0.887326 , 0.105125 , 0.894875
1306 , 0.111303 , 0.888697 , 0.104047 , 0.895953
1307 , 0.109943 , 0.890057 , 0.102978 , 0.897022
1308 , 0.108595 , 0.891405 , 0.101919 , 0.898081
1309 , 0.107258 , 0.892742 , 0.10087 , 0.89913
1310 , 0.105934 , 0.894066 , 0.0998317 , 0.900168
1311 , 0.104622 , 0.895378 , 0.0988037 , 0.901196
1312 , 0.103323 , 0.896677 , 0.0977864 , 0.902214
1313 , 0.102037 , 0.897963 , 0.09678 , 0.90322
1314 , 0.100765 , 0.899235 , 0.0957847 , 0.904215
1315 , 0.0995061 , 0.900494 , 0.0948007 , 0.905199
1316 , 0.0982614 , 0.901739 , 0.0938283 , 0.906172
1317 , 0.097031 , 0.902969 , 0.0928677 , 0.907132
1318 , 0.0958152 , 0.904185 , 0.0919191 , 0.908081
1319 , 0.0946143 , 0.905386 , 0.0909826 , 0.909017
1320 , 0.0934285 , 0.906571 , 0.0900585 , 0.909942
1321 , 0.0922582 , 0.907742 , 0.0891469 , 0.910853
1322 , 0.0911037 , 0.908896 , 0.0882482 , 0.911752
1323 , 0.0899651 , 0.910035 , 0.0873624 , 0.912638
1324 , 0.0888429 , 0.911157 , 0.0864898 , 0.91351
1325 , 0.0877373 , 0.912263 , 0.0856305 , 0.914369
1326 , 0.0866485 , 0.913351 , 0.0847849 , 0.915215
1327 , 0.0855769 , 0.914423 , 0.0839529 , 0.916047
1328 , 0.0845227 , 0.915477 , 0.083135 , 0.916865
1329 , 0.0834861 , 0.916514 , 0.0823311 , 0.917669
1330 , 0.0824675 , 0.917532 , 0.0815416 , 0.918458
1331 , 0.0814671 , 0.918533 , 0.0807665 , 0.919233
1332 , 0.0804851 , 0.919515 , 0.0800061 , 0.919994
1333 , 0.0795219 , 0.920478 , 0.0792606 , 0.920739
1334 , 0.0785776 , 0.921422 , 0.0785301 , 0.92147
1335 , 0.0776525 , 0.922347 , 0.0778147 , 0.922185
1336 , 0.0767469 , 0.923253 , 0.0771148 , 0.922885
1337 , 0.0758609 , 0.924139 , 0.0764303 , 0.92357
1338 , 0.0749949 , 0.925005 , 0.0757615 , 0.924238
1339 , 0.074149 , 0.925851 , 0.0751086 , 0.924891
1340 , 0.0733235 , 0.926676 , 0.0744716 , 0.925528
1341 , 0.0725186 , 0.927481 , 0.0738508 , 0.926149
1342 , 0.0717346 , 0.928265 , 0.0732463 , 0.926754
1343 , 0.0709715 , 0.929028 , 0.0726582 , 0.927342
1344 , 0.0702297 , 0.92977 , 0.0720867 , 0.927913
1345 , 0.0695093 , 0.930491 , 0.0715319 , 0.928468
1346 , 0.0688106 , 0.931189 , 0.070994 , 0.929006
1347 , 0.0681336 , 0.931866 , 0.070473 , 0.929527
1348 , 0.0674787 , 0.932521 , 0.0699691 , 0.930031
1349 , 0.066846 , 0.933154 , 0.0694825 , 0.930518
1350 , 0.0662356 , 0.933764 , 0.0690132 , 0.930987
1351 , 0.0656478 , 0.934352 , 0.0685614 , 0.931439
1352 , 0.0650827 , 0.934917 , 0.0681271 , 0.931873
1353 , 0.0645404 , 0.93546 , 0.0677105 , 0.932289
1354 , 0.0640212 , 0.935979 , 0.0673117 , 0.932688
1355 , 0.0635251 , 0.936475 , 0.0669308 , 0.933069
1356 , 0.0630522 , 0.936948 , 0.0665678 , 0.933432
1357 , 0.0626029 , 0.937397 , 0.0662229 , 0.933777
1358 , 0.062177 , 0.937823 , 0.0658962 , 0.934104
1359 , 0.0617749 , 0.938225 , 0.0655877 , 0.934412
1360 , 0.0613965 , 0.938604 , 0.0652974 , 0.934703
1361 , 0.061042 , 0.938958 , 0.0650256 , 0.934974
1362 , 0.0607115 , 0.939288 , 0.0647722 , 0.935228
1363 , 0.0604051 , 0.939595 , 0.0645373 , 0.935463
1364 , 0.0601229 , 0.939877 , 0.064321 , 0.935679
1365 , 0.059865 , 0.940135 , 0.0641233 , 0.935877
1366 , 0.0596313 , 0.940369 , 0.0639442 , 0.936056
1367 , 0.0594221 , 0.940578 , 0.0637839 , 0.936216
1368 , 0.0592373 , 0.940763 , 0.0636424 , 0.936358
1369 , 0.0590771 , 0.940923 , 0.0635196 , 0.93648
1370 , 0.0589414 , 0.941059 , 0.0634156 , 0.936584
1371 , 0.0588303 , 0.94117 , 0.0633305 , 0.936669
1372 , 0.0587438 , 0.941256 , 0.0632643 , 0.936736
1373 , 0.058682 , 0.941318 , 0.0632169 , 0.936783
1374 , 0.0586448 , 0.941355 , 0.0631885 , 0.936812
1375 , 0.0586323 , 0.941368 , 0.0631789 , 0.936821
1376 , 0.0586446 , 0.941355 , 0.0631883 , 0.936812
1377 , 0.0586814 , 0.941319 , 0.0632165 , 0.936783
1378 , 0.058743 , 0.941257 , 0.0632637 , 0.936736
1379 , 0.0588292 , 0.941171 , 0.0633297 , 0.93667
1380 , 0.0589401 , 0.94106 , 0.0634147 , 0.936585
1381 , 0.0590755 , 0.940924 , 0.0635184 , 0.936482
1382 , 0.0592355 , 0.940764 , 0.063641 , 0.936359
1383 , 0.0594201 , 0.94058 , 0.0637824 , 0.936218
1384 , 0.059629 , 0.940371 , 0.0639425 , 0.936058
1385 , 0.0598624 , 0.940138 , 0.0641213 , 0.935879
1386 , 0.0601201 , 0.93988 , 0.0643188 , 0.935681
1387 , 0.0604021 , 0.939598 , 0.064535 , 0.935465
1388 , 0.0607082 , 0.939292 , 0.0647697 , 0.93523
1389 , 0.0610385 , 0.938962 , 0.0650229 , 0.934977
1390 , 0.0613927 , 0.938607 , 0.0652945 , 0.934705
1391 , 0.0617708 , 0.938229 , 0.0655846 , 0.934415
1392 , 0.0621727 , 0.937827 , 0.0658929 , 0.934107
1393 , 0.0625983 , 0.937402 , 0.0662195 , 0.933781
1394 , 0.0630475 , 0.936953 , 0.0665642 , 0.933436
1395 , 0.06352 , 0.93648 , 0.0669269 , 0.933073
1396 , 0.0640159 , 0.935984 , 0.0673077 , 0.932692
1397 , 0.0645349 , 0.935465 , 0.0677063 , 0.932294
1398 , 0.0650769 , 0.934923 , 0.0681227 , 0.931877
1399 , 0.0656418 , 0.934358 , 0.0685568 , 0.931443
1400 , 0.0662294 , 0.933771 , 0.0690084 , 0.930992
1401 , 0.0668396 , 0.93316 , 0.0694775 , 0.930522
1402 , 0.067472 , 0.932528 , 0.069964 , 0.930036
1403 , 0.0681267 , 0.931873 , 0.0704677 , 0.929532
1404 , 0.0688034 , 0.931197 , 0.0709885 , 0.929012
1405 , 0.069502 , 0.930498 , 0.0715262 , 0.928474
1406 , 0.0702221 , 0.929778 , 0.0720809 , 0.927919
1407 , 0.0709637 , 0.929036 , 0.0726522 , 0.927348
1408 , 0.0717265 , 0.928273 , 0.0732401 , 0.92676
1409 , 0.0725104 , 0.92749 , 0.0738445 , 0.926156
1410 , 0.0733151 , 0.926685 , 0.0744651 , 0.925535
1411 , 0.0741404 , 0.92586 , 0.0751019 , 0.924898
1412 , 0.074986 , 0.925014 , 0.0757547 , 0.924245
1413 , 0.0758519 , 0.924148 , 0.0764233 , 0.923577
1414 , 0.0767376 , 0.923262 , 0.0771076 , 0.922892
1415 , 0.077643 , 0.922357 , 0.0778074 , 0.922193
1416 , 0.0785679 , 0.921432 , 0.0785226 , 0.921477
1417 , 0.079512 , 0.920488 , 0.0792529 , 0.920747
1418 , 0.0804751 , 0.919525 , 0.0799983 , 0.920002
1419 , 0.0814568 , 0.918543 , 0.0807586 , 0.919241
1420 , 0.0824571 , 0.917543 , 0.0815335 , 0.918467
1421 , 0.0834755 , 0.916525 , 0.0823229 , 0.917677
1422 , 0.0845119 , 0.915488 , 0.0831266 , 0.916873
1423 , 0.0855659 , 0.914434 , 0.0839444 , 0.916056
1424 , 0.0866373 , 0.913363 , 0.0847762 , 0.915224
1425 , 0.0877259 , 0.912274 , 0.0856217 , 0.914378
1426 , 0.0888314 , 0.911169 , 0.0864808 , 0.913519
1427 , 0.0899534 , 0.910047 , 0.0873533 , 0.912647
1428 , 0.0910918 , 0.908908 , 0.0882389 , 0.911761
1429 , 0.0922462 , 0.907754 , 0.0891375 , 0.910862
1430 , 0.0934163 , 0.906584 , 0.0900489 , 0.909951
1431 , 0.0946019 , 0.905398 , 0.0909729 , 0.909027
1432 , 0.0958027 , 0.904197 , 0.0919093 , 0.908091
1433 , 0.0970183 , 0.902982 , 0.0928578 , 0.907142
1434 , 0.0982486 , 0.901751 , 0.0938183 , 0.906182
1435 , 0.0994931 , 0.900507 , 0.0947906 , 0.905209
1436 , 0.100752 , 0.899248 , 0.0957744 , 0.904226
1437 , 0.102024 , 0.897976 , 0.0967696 , 0.90323
1438 , 0.10331 , 0.89669 , 0.0977759 , 0.902224
1439 , 0.104608 , 0.895392 , 0.0987931 , 0.901207
1440 , 0.10592 , 0.89408 , 0.099821 , 0.900179
1441 , 0.107244 , 0.892756 , 0.100859 , 0.899141
1442 , 0.108581 , 0.891419 , 0.101908 , 0.898092
1443 , 0.109929 , 0.890071 , 0.102967 , 0.897033
1444 , 0.111289 , 0.888711 , 0.104035 , 0.895965
1445 , 0.11266 , 0.88734 , 0.105114 , 0.894886
1446 , 0.114042 , 0.885958 , 0.106201 , 0.893799
1447 , 0.115435 , 0.884565 , 0.107298 , 0.892702
1448 , 0.116839 , 0.883161 , 0.108404 , 0.891596
1449 , 0.118252 , 0.881748 , 0.109518 , 0.890482
1450 , 0.119675 , 0.880325 , 0.110641 , 0.889359
1451 , 0.121108 , 0.878892 , 0.111773 , 0.888227
1452 , 0.12255 , 0.87745 , 0.112912 , 0.887088
1453 , 0.124001 , 0.875999 , 0.114059 , 0.885941
1454 , 0.125461 , 0.874539 , 0.115214 , 0.884786
1455 , 0.126928 , 0.873072 , 0.116377 , 0.883623
1456 , 0.128404 , 0.871596 , 0.117546 , 0.882454
1457 , 0.129888 , 0.870112 , 0.118723 , 0.881277
1458 , 0.131379 , 0.868621 , 0.119906 , 0.880094
1459 , 0.132877 , 0.867123 , 0.121096 , 0.878904
1460 , 0.134382 , 0.865618 , 0.122292 , 0.877708
1461 , 0.135893 , 0.864107 , 0.123494 , 0.876506
1462 , 0.137411 , 0.862589 , 0.124702 , 0.875298
1463 , 0.138934 , 0.861066 , 0.125916 , 0.874084
1464 , 0.140463 , 0.859537 , 0.127135 , 0.872865
1465 , 0.141998 , 0.858002 , 0.128359 , 0.871641
1466 , 0.143538 , 0.856462 , 0.129588 , 0.870412
1467 , 0.145082 , 0.854918 , 0.130823 , 0.869177
1468 , 0.146631 , 0.853369 , 0.132061 , 0.867939
1469 , 0.148184 , 0.851816 , 0.133304 , 0.866696
1470 , 0.149742 , 0.850258 , 0.134551 , 0.865449
1471 , 0.151302 , 0.848698 , 0.135803 , 0.864197
1472 , 0.152867 , 0.847133 , 0.137057 , 0.862943
1473 , 0.154434 , 0.845566 , 0.138316 , 0.861684
1474 , 0.156004 , 0.843996 , 0.139577 , 0.860423
1475 , 0.157577 , 0.842423 , 0.140842 , 0.859158
1476 , 0.159152 , 0.840848 , 0.14211 , 0.85789
1477 , 0.16073 , 0.83927 , 0.14338 , 0.85662
1478 , 0.162309 , 0.837691 , 0.144653 , 0.855347
1479 , 0.163889 , 0.836111 , 0.145928 , 0.854072
1480 , 0.165471 , 0.834529 , 0.147205 , 0.852795
1481 , 0.167054 , 0.832946 , 0.148484 , 0.851516
1482 , 0.168638 , 0.831362 , 0.149764 , 0.850236
1483 , 0.170222 , 0.829778 , 0.151046 , 0.848954
1484 , 0.171807 , 0.828193 , 0.152329 , 0.847671
1485 , 0.173392 , 0.826608 , 0.153614 , 0.846386
1486 , 0.174976 , 0.825024 , 0.154899 , 0.845101
1487 , 0.17656 , 0.82344 , 0.156185 , 0.843815
1488 , 0.178143 , 0.821857 , 0.157471 , 0.842529
1489 , 0.179726 , 0.820274 , 0.158758 , 0.841242
1490 , 0.181307 , 0.818693 , 0.160044 , 0.839956
1491 , 0.182887 , 0.817113 , 0.161331 , 0.838669
1492 , 0.184465 , 0.815535 , 0.162618 , 0.837382
1493 , 0.186042 , 0.813958 , 0.163904 , 0.836096
1494 , 0.187617 , 0.812383 , 0.165189 , 0.834811
1495 , 0.189189 , 0.810811 , 0.166473 , 0.833527
1496 , 0.190759 , 0.809241 , 0.167757 , 0.832243
1497 , 0.192326 , 0.807674 , 0.169039 , 0.830961
1498 , 0.19389 , 0.80611 , 0.17032 , 0.82968
1499 , 0.195452 , 0.804548 , 0.1716 , 0.8284
1500 , 0.19701 , 0.80299 , 0.172878 , 0.827122
1501 , 0.198564 , 0.801436 , 0.174154 , 0.825846
1502 , 0.200115 , 0.799885 , 0.175428 , 0.824572
1503 , 0.201662 , 0.798338 , 0.1767 , 0.8233
1504 , 0.203205 , 0.796795 , 0.177969 , 0.822031
1505 , 0.204743 , 0.795257 , 0.179236 , 0.820764
1506 , 0.206278 , 0.793722 , 0.180501 , 0.819499
1507 , 0.207807 , 0.792193 , 0.181762 , 0.818238
1508 , 0.209332 , 0.790668 , 0.183021 , 0.816979
1509 , 0.210852 , 0.789148 , 0.184276 , 0.815724
1510 , 0.212367 , 0.787633 , 0.185528 , 0.814472
1511 , 0.213876 , 0.786124 , 0.186777 , 0.813223
1512 , 0.21538 , 0.78462 , 0.188022 , 0.811978
1513 , 0.216879 , 0.783121 , 0.189264 , 0.810736
1514 , 0.218371 , 0.781629 , 0.190501 , 0.809499
1515 , 0.219858 , 0.780142 , 0.191735 , 0.808265
1516 , 0.221338 , 0.778662 , 0.192964 , 0.807036
1517 , 0.222812 , 0.777188 , 0.194189 , 0.805811
1518 , 0.22428 , 0.77572 , 0.19541 , 0.80459
1519 , 0.225741 , 0.774259 , 0.196626 , 0.803374
1520 , 0.227195 , 0.772805 , 0.197837 , 0.802163
1521 , 0.228643 , 0.771357 , 0.199044 , 0.800956
1522 , 0.230083 , 0.769917 , 0.200246 , 0.799754
1523 , 0.231517 , 0.768483 , 0.201442 , 0.798558
1524 , 0.232943 , 0.767057 , 0.202633 , 0.797367
1525 , 0.234361 , 0.765639 , 0.203819 , 0.796181
1526 , 0.235773 , 0.764227 , 0.205 , 0.795
1527 , 0.237176 , 0.762824 , 0.206175 , 0.793825
1528 , 0.238572 , 0.761428 , 0.207344 , 0.792656
1529 , 0.239959 , 0.760041 , 0.208507 , 0.791493
1530 , 0.241339 , 0.758661 , 0.209665 , 0.790335
1531 , 0.24271 , 0.75729 , 0.210816 , 0.789184
1532 , 0.244073 , 0.755927 , 0.211962 , 0.788038
1533 , 0.245428 , 0.754572 , 0.213101 , 0.786899
1534 , 0.246774 , 0.753226 , 0.214233 , 0.785767
1535 , 0.248112 , 0.751888 , 0.215359 , 0.784641
1536 , 0.249441 , 0.750559 , 0.216479 , 0.783521
1537 , 0.250761 , 0.749239 , 0.217592 , 0.782408
1538 , 0.252072 , 0.747928 , 0.218698 , 0.781302
1539 , 0.253374 , 0.746626 , 0.219797 , 0.780203
1540 , 0.254667 , 0.745333 , 0.220889 , 0.779111
1541 , 0.255951 , 0.744049 , 0.221975 , 0.778025
1542 , 0.257225 , 0.742775 , 0.223053 , 0.776947
1543 , 0.25849 , 0.74151 , 0.224123 , 0.775877
1544 , 0.259746 , 0.740254 , 0.225187 , 0.774813
1545 , 0.260992 , 0.739008 , 0.226243 , 0.773757
1546 , 0.262228 , 0.737772 , 0.227291 , 0.772709
1547 , 0.263454 , 0.736546 , 0.228332 , 0.771668
1548 , 0.264671 , 0.735329 , 0.229365 , 0.770635
1549 , 0.265877 , 0.734123 , 0.23039 , 0.76961
1550 , 0.267074 , 0.732926 , 0.231407 , 0.768593
1551 , 0.26826 , 0.73174 , 0.232417 , 0.767583
1552 , 0.269437 , 0.730563 , 0.233418 , 0.766582
1553 , 0.270603 , 0.729397 , 0.234411 , 0.765589
1554 , 0.271759 , 0.728241 , 0.235396 , 0.764604
1555 , 0.272904 , 0.727096 , 0.236373 , 0.763627
1556 , 0.274039 , 0.725961 , 0.237341 , 0.762659
1557 , 0.275163 , 0.724837 , 0.238301 , 0.761699
1558 , 0.276277 , 0.723723 , 0.239253 , 0.760747
1559 , 0.27738 , 0.72262 , 0.240196 , 0.759804
1560 , 0.278473 , 0.721527 , 0.24113 , 0.75887
1561 , 0.279555 , 0.720445 , 0.242056 , 0.757944
1562 , 0.280626 , 0.719374 , 0.242973 , 0.757027
1563 , 0.281686 , 0.718314 , 0.243881 , 0.756119
1564 , 0.282735 , 0.717265 , 0.24478 , 0.75522
1565 , 0.283773 , 0.716227 , 0.24567 , 0.75433
1566 , 0.2848 , 0.7152 , 0.246552 , 0.753448
1567 , 0.285816 , 0.714184 , 0.247424 , 0.752576
1568 , 0.286821 , 0.713179 , 0.248287 , 0.751713
1569 , 0.287815 , 0.712185 , 0.249141 , 0.750859
1570 , 0.288797 , 0.711203 , 0.249986 , 0.750014
1571 , 0.289768 , 0.710232 , 0.250821 , 0.749179
1572 , 0.290728 , 0.709272 , 0.251647 , 0.748353
1573 , 0.291676 , 0.708324 , 0.252464 , 0.747536
1574 , 0.292613 , 0.707387 , 0.253271 , 0.746729
1575 , 0.293539 , 0.706461 , 0.254069 , 0.745931
1576 , 0.294453 , 0.705547 , 0.254858 , 0.745142
1577 , 0.295355 , 0.704645 , 0.255636 , 0.744364
1578 , 0.296246 , 0.703754 , 0.256405 , 0.743595
1579 , 0.297126 , 0.702874 , 0.257165 , 0.742835
1580 , 0.297993 , 0.702007 , 0.257914 , 0.742086
1581 , 0.298849 , 0.701151 , 0.258654 , 0.741346
1582 , 0.299694 , 0.700306 , 0.259384 , 0.740616
1583 , 0.300526 , 0.699474 , 0.260105 , 0.739895
1584 , 0.301347 , 0.698653 , 0.260815 , 0.739185
1585 , 0.302156 , 0.697844 , 0.261515 , 0.738485
1586 , 0.302953 , 0.697047 , 0.262206 , 0.737794
1587 , 0.303738 , 0.696262 , 0.262886 , 0.737114
1588 , 0.304511 , 0.695489 , 0.263557 , 0.736443
1589 , 0.305273 , 0.694727 , 0.264217 , 0.735783
1590 , 0.306022 , 0.693978 , 0.264867 , 0.735133
1591 , 0.30676 , 0.69324 , 0.265507 , 0.734493
1592 , 0.307485 , 0.692515 , 0.266137 , 0.733863
1593 , 0.308199 , 0.691801 , 0.266757 , 0.733243
1594 , 0.3089 , 0.6911 , 0.267366 , 0.732634
1595 , 0.309589 , 0.690411 , 0.267966 , 0.732034
1596 , 0.310266 , 0.689734 , 0.268555 , 0.731445
1597 , 0.310932 , 0.689068 , 0.269133 , 0.730867
1598 , 0.311585 , 0.688415 , 0.269701 , 0.730299
1599 , 0.312225 , 0.687775 , 0.270259 , 0.729741
1600 , 0.312854 , 0.687146 , 0.270806 , 0.729194
1601 , 0.31347 , 0.68653 , 0.271343 , 0.728657
1602 , 0.314075 , 0.685925 , 0.27187 , 0.72813
1603 , 0.314667 , 0.685333 , 0.272386 , 0.727614
1604 , 0.315246 , 0.684754 , 0.272891 , 0.727109
1605 , 0.315814 , 0.684186 , 0.273386 , 0.726614
1606 , 0.316369 , 0.683631 , 0.273871 , 0.726129
1607 , 0.316912 , 0.683088 , 0.274344 , 0.725656
1608 , 0.317443 , 0.682557 , 0.274808 , 0.725192
1609 , 0.317961 , 0.682039 , 0.27526 , 0.72474
1610 , 0.318467 , 0.681533 , 0.275702 , 0.724298
1611 , 0.318961 , 0.681039 , 0.276133 , 0.723867
1612 , 0.319442 , 0.680558 , 0.276554 , 0.723446
1613 , 0.319911 , 0.680089 , 0.276964 , 0.723036
1614 , 0.320367 , 0.679633 , 0.277363 , 0.722637
1615 , 0.320812 , 0.679188 , 0.277751 , 0.722249
1616 , 0.321243 , 0.678757 , 0.278129 , 0.721871
1617 , 0.321663 , 0.678337 , 0.278496 , 0.721504
1618 , 0.32207 , 0.67793 , 0.278852 , 0.721148
1619 , 0.322464 , 0.677536 , 0.279197 , 0.720803
1620 , 0.322846 , 0.677154 , 0.279531 , 0.720469
1621 , 0.323216 , 0.676784 , 0.279855 , 0.720145
1622 , 0.323573 , 0.676427 , 0.280168 , 0.719832
1623 , 0.323917 , 0.676083 , 0.28047 , 0.71953
1624 , 0.32425 , 0.67575 , 0.280761 , 0.719239
1625 , 0.324569 , 0.675431 , 0.281041 , 0.718959
1626 , 0.324877 , 0.675123 , 0.28131 , 0.71869
1627 , 0.325171 , 0.674829 , 0.281568 , 0.718432
1628 , 0.325454 , 0.674546 , 0.281816 , 0.718184
1629 , 0.325723 , 0.674277 , 0.282052 , 0.717948
1630 , 0.325981 , 0.674019 , 0.282278 , 0.717722
1631 , 0.326225 , 0.673775 , 0.282492 , 0.717508
1632 , 0.326458 , 0.673542 , 0.282696 , 0.717304
1633 , 0.326677 , 0.673323 , 0.282889 , 0.717111
1634 , 0.326884 , 0.673116 , 0.28307 , 0.71693
1635 , 0.327079 , 0.672921 , 0.283241 , 0.716759
1636 , 0.327261 , 0.672739 , 0.283401 , 0.716599
1637 , 0.327431 , 0.672569 , 0.28355 , 0.71645
1638 , 0.327588 , 0.672412 , 0.283688 , 0.716312
1639 , 0.327732 , 0.672268 , 0.283814 , 0.716186
1640 , 0.327864 , 0.672136 , 0.28393 , 0.71607
1641 , 0.327983 , 0.672017 , 0.284035 , 0.715965
1642 , 0.32809 , 0.67191 , 0.284129 , 0.715871
1643 , 0.328185 , 0.671815 , 0.284212 , 0.715788
1644 , 0.328266 , 0.671734 , 0.284283 , 0.715717
1645 , 0.328335 , 0.671665 , 0.284344 , 0.715656
1646 , 0.328392 , 0.671608 , 0.284394 , 0.715606
1647 , 0.328436 , 0.671564 , 0.284432 , 0.715568
1648 , 0.328468 , 0.671532 , 0.28446 , 0.71554
1649 , 0.328486 , 0.671514 , 0.284477 , 0.715523
1650 , 0.328493 , 0.671507 , 0.284482 , 0.715518
1651 , 0.328487 , 0.671513 , 0.284477 , 0.715523
1652 , 0.328468 , 0.671532 , 0.28446 , 0.71554
1653 , 0.328437 , 0.671563 , 0.284433 , 0.715567
1654 , 0.328393 , 0.671607 , 0.284394 , 0.715606
1655 , 0.328336 , 0.671664 , 0.284345 , 0.715655
1656 , 0.328267 , 0.671733 , 0.284284 , 0.715716
1657 , 0.328186 , 0.671814 , 0.284212 , 0.715788
1658 , 0.328092 , 0.671908 , 0.28413 , 0.71587
1659 , 0.327985 , 0.672015 , 0.284036 , 0.715964
1660 , 0.327866 , 0.672134 , 0.283932 , 0.716068
1661 , 0.327734 , 0.672266 , 0.283816 , 0.716184
1662 , 0.32759 , 0.67241 , 0.283689 , 0.716311
1663 , 0.327433 , 0.672567 , 0.283552 , 0.716448
1664 , 0.327263 , 0.672737 , 0.283403 , 0.716597
1665 , 0.327081 , 0.672919 , 0.283243 , 0.716757
1666 , 0.326887 , 0.673113 , 0.283073 , 0.716927
1667 , 0.32668 , 0.67332 , 0.282891 , 0.717109
1668 , 0.32646 , 0.67354 , 0.282698 , 0.717302
1669 , 0.326228 , 0.673772 , 0.282495 , 0.717505
1670 , 0.325984 , 0.674016 , 0.28228 , 0.71772
1671 , 0.325727 , 0.674273 , 0.282055 , 0.717945
1672 , 0.325457 , 0.674543 , 0.281819 , 0.718181
1673 , 0.325175 , 0.674825 , 0.281571 , 0.718429
1674 , 0.32488 , 0.67512 , 0.281313 , 0.718687
1675 , 0.324573 , 0.675427 , 0.281044 , 0.718956
1676 , 0.324254 , 0.675746 , 0.280764 , 0.719236
1677 , 0.323922 , 0.676078 , 0.280473 , 0.719527
1678 , 0.323577 , 0.676423 , 0.280171 , 0.719829
1679 , 0.32322 , 0.67678 , 0.279859 , 0.720141
1680 , 0.322851 , 0.677149 , 0.279535 , 0.720465
1681 , 0.322469 , 0.677531 , 0.279201 , 0.720799
1682 , 0.322074 , 0.677926 , 0.278856 , 0.721144
1683 , 0.321668 , 0.678332 , 0.2785 , 0.7215
1684 , 0.321249 , 0.678751 , 0.278133 , 0.721867
1685 , 0.320817 , 0.679183 , 0.277756 , 0.722244
1686 , 0.320373 , 0.679627 , 0.277368 , 0.722632
1687 , 0.319917 , 0.680083 , 0.276969 , 0.723031
1688 , 0.319448 , 0.680552 , 0.276559 , 0.723441
1689 , 0.318967 , 0.681033 , 0.276139 , 0.723861
1690 , 0.318473 , 0.681527 , 0.275707 , 0.724293
1691 , 0.317967 , 0.682033 , 0.275266 , 0.724734
1692 , 0.317449 , 0.682551 , 0.274813 , 0.725187
1693 , 0.316919 , 0.683081 , 0.27435 , 0.72565
1694 , 0.316376 , 0.683624 , 0.273877 , 0.726123
1695 , 0.315821 , 0.684179 , 0.273392 , 0.726608
1696 , 0.315254 , 0.684746 , 0.272898 , 0.727102
1697 , 0.314674 , 0.685326 , 0.272392 , 0.727608
1698 , 0.314082 , 0.685918 , 0.271876 , 0.728124
1699 , 0.313478 , 0.686522 , 0.27135 , 0.72865
1700 , 0.312862 , 0.687138 , 0.270813 , 0.729187
1701 , 0.312233 , 0.687767 , 0.270266 , 0.729734
1702 , 0.311593 , 0.688407 , 0.269708 , 0.730292
1703 , 0.31094 , 0.68906 , 0.26914 , 0.73086
1704 , 0.310275 , 0.689725 , 0.268562 , 0.731438
1705 , 0.309598 , 0.690402 , 0.267973 , 0.732027
1706 , 0.308909 , 0.691091 , 0.267374 , 0.732626
1707 , 0.308207 , 0.691793 , 0.266765 , 0.733235
1708 , 0.307494 , 0.692506 , 0.266145 , 0.733855
1709 , 0.306769 , 0.693231 , 0.265515 , 0.734485
1710 , 0.306031 , 0.693969 , 0.264875 , 0.735125
1711 , 0.305282 , 0.694718 , 0.264225 , 0.735775
1712 , 0.304521 , 0.695479 , 0.263565 , 0.736435
1713 , 0.303748 , 0.696252 , 0.262895 , 0.737105
1714 , 0.302963 , 0.697037 , 0.262214 , 0.737786
1715 , 0.302166 , 0.697834 , 0.261524 , 0.738476
1716 , 0.301357 , 0.698643 , 0.260824 , 0.739176
1717 , 0.300536 , 0.699464 , 0.260113 , 0.739887
1718 , 0.299704 , 0.700296 , 0.259393 , 0.740607
1719 , 0.29886 , 0.70114 , 0.258663 , 0.741337
1720 , 0.298004 , 0.701996 , 0.257924 , 0.742076
1721 , 0.297137 , 0.702863 , 0.257174 , 0.742826
1722 , 0.296257 , 0.703743 , 0.256415 , 0.743585
1723 , 0.295367 , 0.704633 , 0.255646 , 0.744354
1724 , 0.294464 , 0.705536 , 0.254867 , 0.745133
1725 , 0.29355 , 0.70645 , 0.254079 , 0.745921
1726 , 0.292625 , 0.707375 , 0.253281 , 0.746719
1727 , 0.291688 , 0.708312 , 0.252474 , 0.747526
1728 , 0.29074 , 0.70926 , 0.251658 , 0.748342
1729 , 0.28978 , 0.71022 , 0.250832 , 0.749168
1730 , 0.288809 , 0.711191 , 0.249996 , 0.750004
1731 , 0.287827 , 0.712173 , 0.249152 , 0.750848
1732 , 0.286833 , 0.713167 , 0.248298 , 0.751702
1733 , 0.285829 , 0.714171 , 0.247435 , 0.752565
1734 , 0.284813 , 0.715187 , 0.246563 , 0.753437
1735 , 0.283786 , 0.716214 , 0.245682 , 0.754318
1736 , 0.282748 , 0.717252 , 0.244791 , 0.755209
1737 , 0.281699 , 0.718301 , 0.243892 , 0.756108
1738 , 0.280639 , 0.719361 , 0.242984 , 0.757016
1739 , 0.279568 , 0.720432 , 0.242067 , 0.757933
1740 , 0.278486 , 0.721514 , 0.241142 , 0.758858
1741 , 0.277394 , 0.722606 , 0.240208 , 0.759792
1742 , 0.276291 , 0.723709 , 0.239265 , 0.760735
1743 , 0.275177 , 0.724823 , 0.238313 , 0.761687
1744 , 0.274053 , 0.725947 , 0.237353 , 0.762647
1745 , 0.272918 , 0.727082 , 0.236385 , 0.763615
1746 , 0.271773 , 0.728227 , 0.235408 , 0.764592
1747 , 0.270617 , 0.729383 , 0.234423 , 0.765577
1748 , 0.269451 , 0.730549 , 0.23343 , 0.76657
1749 , 0.268275 , 0.731725 , 0.232429 , 0.767571
1750 , 0.267089 , 0.732911 , 0.23142 , 0.76858
1751 , 0.265892 , 0.734108 , 0.230403 , 0.769597
1752 , 0.264686 , 0.735314 , 0.229377 , 0.770623
1753 , 0.263469 , 0.736531 , 0.228344 , 0.771656
1754 , 0.262243 , 0.737757 , 0.227304 , 0.772696
1755 , 0.261007 , 0.738993 , 0.226256 , 0.773744
1756 , 0.259761 , 0.740239 , 0.2252 , 0.7748
1757 , 0.258506 , 0.741494 , 0.224137 , 0.775863
1758 , 0.257241 , 0.742759 , 0.223066 , 0.776934
1759 , 0.255967 , 0.744033 , 0.221988 , 0.778012
1760 , 0.254683 , 0.745317 , 0.220903 , 0.779097
1761 , 0.25339 , 0.74661 , 0.219811 , 0.780189
1762 , 0.252088 , 0.747912 , 0.218712 , 0.781288
1763 , 0.250777 , 0.749223 , 0.217606 , 0.782394
1764 , 0.249457 , 0.750543 , 0.216493 , 0.783507
1765 , 0.248129 , 0.751871 , 0.215373 , 0.784627
1766 , 0.246791 , 0.753209 , 0.214247 , 0.785753
1767 , 0.245445 , 0.754555 , 0.213115 , 0.786885
1768 , 0.24409 , 0.75591 , 0.211976 , 0.788024
1769 , 0.242727 , 0.757273 , 0.210831 , 0.789169
1770 , 0.241356 , 0.758644 , 0.209679 , 0.790321
1771 , 0.239976 , 0.760024 , 0.208522 , 0.791478
1772 , 0.238589 , 0.761411 , 0.207359 , 0.792641
1773 , 0.237193 , 0.762807 , 0.206189 , 0.793811
1774 , 0.23579 , 0.76421 , 0.205014 , 0.794986
1775 , 0.234379 , 0.765621 , 0.203834 , 0.796166
1776 , 0.23296 , 0.76704 , 0.202648 , 0.797352
1777 , 0.231534 , 0.768466 , 0.201457 , 0.798543
1778 , 0.230101 , 0.769899 , 0.20026 , 0.79974
1779 , 0.228661 , 0.771339 , 0.199059 , 0.800941
1780 , 0.227213 , 0.772787 , 0.197852 , 0.802148
1781 , 0.225759 , 0.774241 , 0.196641 , 0.803359
1782 , 0.224298 , 0.775702 , 0.195425 , 0.804575
1783 , 0.22283 , 0.77717 , 0.194204 , 0.805796
1784 , 0.221356 , 0.778644 , 0.192979 , 0.807021
1785 , 0.219876 , 0.780124 , 0.19175 , 0.80825
1786 , 0.21839 , 0.78161 , 0.190517 , 0.809483
1787 , 0.216897 , 0.783103 , 0.189279 , 0.810721
1788 , 0.215399 , 0.784601 , 0.188038 , 0.811962
1789 , 0.213895 , 0.786105 , 0.186793 , 0.813207
1790 , 0.212386 , 0.787614 , 0.185544 , 0.814456
1791 , 0.210871 , 0.789129 , 0.184292 , 0.815708
1792 , 0.209351 , 0.790649 , 0.183036 , 0.816964
1793 , 0.207826 , 0.792174 , 0.181778 , 0.818222
1794 , 0.206297 , 0.793703 , 0.180516 , 0.819484
1795 , 0.204763 , 0.795237 , 0.179252 , 0.820748
1796 , 0.203224 , 0.796776 , 0.177985 , 0.822015
1797 , 0.201681 , 0.798319 , 0.176716 , 0.823284
1798 , 0.200134 , 0.799866 , 0.175444 , 0.824556
1799 , 0.198583 , 0.801417 , 0.17417 , 0.82583
1800 , 0.197029 , 0.802971 , 0.172894 , 0.827106
1801 , 0.195471 , 0.804529 , 0.171616 , 0.828384
1802 , 0.19391 , 0.80609 , 0.170336 , 0.829664
1803 , 0.192345 , 0.807655 , 0.169055 , 0.830945
1804 , 0.190778 , 0.809222 , 0.167773 , 0.832227
1805 , 0.189208 , 0.810792 , 0.166489 , 0.833511
1806 , 0.187636 , 0.812364 , 0.165205 , 0.834795
1807 , 0.186062 , 0.813938 , 0.16392 , 0.83608
1808 , 0.184485 , 0.815515 , 0.162634 , 0.837366
1809 , 0.182907 , 0.817093 , 0.161347 , 0.838653
1810 , 0.181327 , 0.818673 , 0.16006 , 0.83994
1811 , 0.179745 , 0.820255 , 0.158774 , 0.841226
1812 , 0.178163 , 0.821837 , 0.157487 , 0.842513
1813 , 0.17658 , 0.82342 , 0.156201 , 0.843799
1814 , 0.174996 , 0.825004 , 0.154915 , 0.845085
1815 , 0.173411 , 0.826589 , 0.15363 , 0.84637
1816 , 0.171827 , 0.828173 , 0.152345 , 0.847655
1817 , 0.170242 , 0.829758 , 0.151062 , 0.848938
1818 , 0.168658 , 0.831342 , 0.14978 , 0.85022
1819 , 0.167074 , 0.832926 , 0.148499 , 0.851501
1820 , 0.165491 , 0.834509 , 0.147221 , 0.852779
1821 , 0.163909 , 0.836091 , 0.145943 , 0.854057
1822 , 0.162328 , 0.837672 , 0.144668 , 0.855332
1823 , 0.160749 , 0.839251 , 0.143396 , 0.856604
1824 , 0.159172 , 0.840828 , 0.142125 , 0.857875
1825 , 0.157597 , 0.842403 , 0.140858 , 0.859142
1826 , 0.156024 , 0.843976 , 0.139593 , 0.860407
1827 , 0.154454 , 0.845546 , 0.138331 , 0.861669
1828 , 0.152886 , 0.847114 , 0.137073 , 0.862927
1829 , 0.151322 , 0.848678 , 0.135818 , 0.864182
1830 , 0.149761 , 0.850239 , 0.134567 , 0.865433
1831 , 0.148204 , 0.851796 , 0.13332 , 0.86668
1832 , 0.14665 , 0.85335 , 0.132077 , 0.867923
1833 , 0.145101 , 0.854899 , 0.130838 , 0.869162
1834 , 0.143557 , 0.856443 , 0.129604 , 0.870396
1835 , 0.142017 , 0.857983 , 0.128374 , 0.871626
1836 , 0.140482 , 0.859518 , 0.12715 , 0.87285
1837 , 0.138953 , 0.861047 , 0.125931 , 0.874069
1838 , 0.13743 , 0.86257 , 0.124717 , 0.875283
1839 , 0.135912 , 0.864088 , 0.123509 , 0.876491
1840 , 0.1344 , 0.8656 , 0.122307 , 0.877693
1841 , 0.132895 , 0.867105 , 0.12111 , 0.87889
1842 , 0.131397 , 0.868603 , 0.119921 , 0.880079
1843 , 0.129906 , 0.870094 , 0.118737 , 0.881263
1844 , 0.128423 , 0.871577 , 0.117561 , 0.882439
1845 , 0.126947 , 0.873053 , 0.116391 , 0.883609
1846 , 0.125479 , 0.874521 , 0.115229 , 0.884771
1847 , 0.124019 , 0.875981 , 0.114074 , 0.885926
1848 , 0.122568 , 0.877432 , 0.112926 , 0.887074
1849 , 0.121126 , 0.878874 , 0.111787 , 0.888213
1850 , 0.119693 , 0.880307 , 0.110655 , 0.889345
1851 , 0.11827 , 0.88173 , 0.109532 , 0.890468
1852 , 0.116856 , 0.883144 , 0.108418 , 0.891582
1853 , 0.115453 , 0.884547 , 0.107312 , 0.892688
1854 , 0.11406 , 0.88594 , 0.106215 , 0.893785
1855 , 0.112677 , 0.887323 , 0.105127 , 0.894873
1856 , 0.111306 , 0.888694 , 0.104049 , 0.895951
1857 , 0.109946 , 0.890054 , 0.10298 , 0.89702
1858 , 0.108597 , 0.891403 , 0.101921 , 0.898079
1859 , 0.107261 , 0.892739 , 0.100872 , 0.899128
1860 , 0.105937 , 0.894063 , 0.0998339 , 0.900166
1861 , 0.104625 , 0.895375 , 0.0988058 , 0.901194
1862 , 0.103326 , 0.896674 , 0.0977885 , 0.902212
1863 , 0.10204 , 0.89796 , 0.096782 , 0.903218
1864 , 0.100767 , 0.899233 , 0.0957867 , 0.904213
1865 , 0.0995087 , 0.900491 , 0.0948028 , 0.905197
1866 , 0.098264 , 0.901736 , 0.0938304 , 0.90617
1867 , 0.0970335 , 0.902966 , 0.0928697 , 0.90713
1868 , 0.0958177 , 0.904182 , 0.091921 , 0.908079
1869 , 0.0946167 , 0.905383 , 0.0909845 , 0.909016
1870 , 0.093431 , 0.906569 , 0.0900604 , 0.90994
1871 , 0.0922606 , 0.907739 , 0.0891488 , 0.910851
1872 , 0.091106 , 0.908894 , 0.08825 , 0.91175
1873 , 0.0899675 , 0.910033 , 0.0873642 , 0.912636
1874 , 0.0888452 , 0.911155 , 0.0864916 , 0.913508
1875 , 0.0877396 , 0.91226 , 0.0856323 , 0.914368
1876 , 0.0866508 , 0.913349 , 0.0847866 , 0.915213
1877 , 0.0855791 , 0.914421 , 0.0839547 , 0.916045
1878 , 0.0845249 , 0.915475 , 0.0831366 , 0.916863
1879 , 0.0834883 , 0.916512 , 0.0823328 , 0.917667
1880 , 0.0824696 , 0.91753 , 0.0815432 , 0.918457
1881 , 0.0814692 , 0.918531 , 0.0807681 , 0.919232
1882 , 0.0804872 , 0.919513 , 0.0800077 , 0.919992
1883 , 0.0795239 , 0.920476 , 0.0792621 , 0.920738
1884 , 0.0785795 , 0.92142 , 0.0785316 , 0.921468
1885 , 0.0776544 , 0.922346 , 0.0778162 , 0.922184
1886 , 0.0767487 , 0.923251 , 0.0771162 , 0.922884
1887 , 0.0758628 , 0.924137 , 0.0764317 , 0.923568
1888 , 0.0749967 , 0.925003 , 0.0757629 , 0.924237
1889 , 0.0741508 , 0.925849 , 0.0751099 , 0.92489
1890 , 0.0733252 , 0.926675 , 0.0744729 , 0.925527
1891 , 0.0725203 , 0.92748 , 0.0738521 , 0.926148
1892 , 0.0717362 , 0.928264 , 0.0732475 , 0.926752
1893 , 0.0709731 , 0.929027 , 0.0726594 , 0.927341
1894 , 0.0702312 , 0.929769 , 0.0720879 , 0.927912
1895 , 0.0695108 , 0.930489 , 0.071533 , 0.928467
1896 , 0.068812 , 0.931188 , 0.0709951 , 0.929005
1897 , 0.068135 , 0.931865 , 0.0704741 , 0.929526
1898 , 0.0674801 , 0.93252 , 0.0699702 , 0.93003
1899 , 0.0668473 , 0.933153 , 0.0694835 , 0.930517
1900 , 0.0662369 , 0.933763 , 0.0690142 , 0.930986
1901 , 0.065649 , 0.934351 , 0.0685623 , 0.931438
1902 , 0.0650838 , 0.934916 , 0.068128 , 0.931872
1903 , 0.0645415 , 0.935458 , 0.0677114 , 0.932289
1904 , 0.0640222 , 0.935978 , 0.0673125 , 0.932687
1905 , 0.0635261 , 0.936474 , 0.0669316 , 0.933068
1906 , 0.0630532 , 0.936947 , 0.0665686 , 0.933431
1907 , 0.0626038 , 0.937396 , 0.0662236 , 0.933776
1908 , 0.0621779 , 0.937822 , 0.0658968 , 0.934103
1909 , 0.0617757 , 0.938224 , 0.0655883 , 0.934412
1910 , 0.0613972 , 0.938603 , 0.065298 , 0.934702
1911 , 0.0610427 , 0.938957 , 0.0650261 , 0.934974
1912 , 0.0607122 , 0.939288 , 0.0647727 , 0.935227
1913 , 0.0604057 , 0.939594 , 0.0645378 , 0.935462
1914 , 0.0601235 , 0.939877 , 0.0643214 , 0.935679
1915 , 0.0598655 , 0.940135 , 0.0641237 , 0.935876
1916 , 0.0596318 , 0.940368 , 0.0639446 , 0.936055
1917 , 0.0594225 , 0.940577 , 0.0637842 , 0.936216
1918 , 0.0592377 , 0.940762 , 0.0636426 , 0.936357
1919 , 0.0590774 , 0.940923 , 0.0635198 , 0.93648
1920 , 0.0589416 , 0.941058 , 0.0634158 , 0.936584
1921 , 0.0588305 , 0.94117 , 0.0633307 , 0.936669
1922 , 0.0587439 , 0.941256 , 0.0632644 , 0.936736
1923 , 0.0586821 , 0.941318 , 0.063217 , 0.936783
1924 , 0.0586449 , 0.941355 , 0.0631885 , 0.936811
1925 , 0.0586323 , 0.941368 , 0.0631789 , 0.936821
1926 , 0.0586445 , 0.941355 , 0.0631882 , 0.936812
1927 , 0.0586813 , 0.941319 , 0.0632165 , 0.936784
1928 , 0.0587429 , 0.941257 , 0.0632636 , 0.936736
1929 , 0.058829 , 0.941171 , 0.0633296 , 0.93667
1930 , 0.0589398 , 0.94106 , 0.0634145 , 0.936586
1931 , 0.0590752 , 0.940925 , 0.0635182 , 0.936482
1932 , 0.0592352 , 0.940765 , 0.0636407 , 0.936359
1933 , 0.0594196 , 0.94058 , 0.0637821 , 0.936218
1934 , 0.0596286 , 0.940371 , 0.0639421 , 0.936058
1935 , 0.0598619 , 0.940138 , 0.0641209 , 0.935879
1936 , 0.0601196 , 0.93988 , 0.0643184 , 0.935682
1937 , 0.0604015 , 0.939599 , 0.0645345 , 0.935465
1938 , 0.0607076 , 0.939292 , 0.0647692 , 0.935231
1939 , 0.0610377 , 0.938962 , 0.0650223 , 0.934978
1940 , 0.0613919 , 0.938608 , 0.0652939 , 0.934706
1941 , 0.06177 , 0.93823 , 0.0655839 , 0.934416
1942 , 0.0621719 , 0.937828 , 0.0658922 , 0.934108
1943 , 0.0625974 , 0.937403 , 0.0662188 , 0.933781
1944 , 0.0630465 , 0.936953 , 0.0665634 , 0.933437
1945 , 0.063519 , 0.936481 , 0.0669262 , 0.933074
1946 , 0.0640148 , 0.935985 , 0.0673069 , 0.932693
1947 , 0.0645338 , 0.935466 , 0.0677055 , 0.932295
1948 , 0.0650758 , 0.934924 , 0.0681218 , 0.931878
1949 , 0.0656406 , 0.934359 , 0.0685559 , 0.931444
1950 , 0.0662282 , 0.933772 , 0.0690075 , 0.930993
1951 , 0.0668383 , 0.933162 , 0.0694766 , 0.930523
1952 , 0.0674707 , 0.932529 , 0.069963 , 0.930037
1953 , 0.0681254 , 0.931875 , 0.0704666 , 0.929533
1954 , 0.068802 , 0.931198 , 0.0709874 , 0.929013
1955 , 0.0695005 , 0.9305 , 0.0715251 , 0.928475
1956 , 0.0702206 , 0.929779 , 0.0720797 , 0.92792
1957 , 0.0709622 , 0.929038 , 0.072651 , 0.927349
1958 , 0.0717249 , 0.928275 , 0.0732389 , 0.926761
1959 , 0.0725088 , 0.927491 , 0.0738432 , 0.926157
1960 , 0.0733134 , 0.926687 , 0.0744638 , 0.925536
1961 , 0.0741386 , 0.925861 , 0.0751006 , 0.924899
1962 , 0.0749843 , 0.925016 , 0.0757533 , 0.924247
1963 , 0.07585 , 0.92415 , 0.0764219 , 0.923578
1964 , 0.0767357 , 0.923264 , 0.0771062 , 0.922894
1965 , 0.0776411 , 0.922359 , 0.0778059 , 0.922194
1966 , 0.078566 , 0.921434 , 0.0785211 , 0.921479
1967 , 0.07951 , 0.92049 , 0.0792514 , 0.920749
1968 , 0.080473 , 0.919527 , 0.0799968 , 0.920003
1969 , 0.0814548 , 0.918545 , 0.080757 , 0.919243
1970 , 0.082455 , 0.917545 , 0.0815318 , 0.918468
1971 , 0.0834734 , 0.916527 , 0.0823212 , 0.917679
1972 , 0.0845097 , 0.91549 , 0.0831249 , 0.916875
1973 , 0.0855637 , 0.914436 , 0.0839427 , 0.916057
1974 , 0.0866351 , 0.913365 , 0.0847744 , 0.915226
1975 , 0.0877237 , 0.912276 , 0.0856199 , 0.91438
1976 , 0.0888291 , 0.911171 , 0.086479 , 0.913521
1977 , 0.0899511 , 0.910049 , 0.0873514 , 0.912649
1978 , 0.0910894 , 0.908911 , 0.0882371 , 0.911763
1979 , 0.0922438 , 0.907756 , 0.0891357 , 0.910864
1980 , 0.0934139 , 0.906586 , 0.090047 , 0.909953
1981 , 0.0945994 , 0.905401 , 0.090971 , 0.909029
1982 , 0.0958002 , 0.9042 , 0.0919073 , 0.908093
1983 , 0.0970158 , 0.902984 , 0.0928558 , 0.907144
1984 , 0.098246 , 0.901754 , 0.0938163 , 0.906184
1985 , 0.0994905 , 0.900509 , 0.0947886 , 0.905211
1986 , 0.100749 , 0.899251 , 0.0957724 , 0.904228
1987 , 0.102021 , 0.897979 , 0.0967675 , 0.903232
1988 , 0.103307 , 0.896693 , 0.0977738 , 0.902226
1989 , 0.104606 , 0.895394 , 0.098791 , 0.901209
1990 , 0.105917 , 0.894083 , 0.0998189 , 0.900181
1991 , 0.107242 , 0.892758 , 0.100857 , 0.899143
1992 , 0.108578 , 0.891422 , 0.101906 , 0.898094
1993 , 0.109926 , 0.890074 , 0.102965 , 0.897035
1994 , 0.111286 , 0.888714 , 0.104033 , 0.895967
1995 , 0.112657 , 0.887343 , 0.105111 , 0.894889
1996 , 0.114039 , 0.885961 , 0.106199 , 0.893801
1997 , 0.115432 , 0.884568 , 0.107296 , 0.892704
1998 , 0.116836 , 0.883164 , 0.108401 , 0.891599
1999 , 0.118249 , 0.881751 , 0.109516 , 0.890484
