1000 , 0.26389 , 0.73611 , 0.228346 , 0.771654
1001 , 0.265072 , 0.734928 , 0.229351 , 0.770649
1002 , 0.266245 , 0.733755 , 0.230347 , 0.769653
1003 , 0.267407 , 0.732593 , 0.231336 , 0.768664
1004 , 0.268558 , 0.731442 , 0.232317 , 0.767683
1005 , 0.2697 , 0.7303 , 0.233289 , 0.766711
1006 , 0.270831 , 0.729169 , 0.234254 , 0.765746
1007 , 0.271951 , 0.728049 , 0.23521 , 0.76479
1008 , 0.273061 , 0.726939 , 0.236157 , 0.763843
1009 , 0.274161 , 0.725839 , 0.237096 , 0.762904
1010 , 0.27525 , 0.72475 , 0.238026 , 0.761974
1011 , 0.276328 , 0.723672 , 0.238948 , 0.761052
1012 , 0.277395 , 0.722605 , 0.239861 , 0.760139
1013 , 0.278452 , 0.721548 , 0.240765 , 0.759235
1014 , 0.279498 , 0.720502 , 0.241661 , 0.758339
1015 , 0.280532 , 0.719468 , 0.242547 , 0.757453
1016 , 0.281556 , 0.718444 , 0.243425 , 0.756575
1017 , 0.282569 , 0.717431 , 0.244294 , 0.755706
1018 , 0.283571 , 0.716429 , 0.245153 , 0.754847
1019 , 0.284561 , 0.715439 , 0.246004 , 0.753996
1020 , 0.28554 , 0.71446 , 0.246845 , 0.753155
1021 , 0.286508 , 0.713492 , 0.247677 , 0.752323
1022 , 0.287465 , 0.712535 , 0.2485 , 0.7515
1023 , 0.288411 , 0.711589 , 0.249313 , 0.750687
1024 , 0.289345 , 0.710655 , 0.250117 , 0.749883
1025 , 0.290268 , 0.709732 , 0.250912 , 0.749088
1026 , 0.291179 , 0.708821 , 0.251697 , 0.748303
1027 , 0.292079 , 0.707921 , 0.252472 , 0.747528
1028 , 0.292967 , 0.707033 , 0.253238 , 0.746762
1029 , 0.293844 , 0.706156 , 0.253995 , 0.746005
1030 , 0.294709 , 0.705291 , 0.254742 , 0.745258
1031 , 0.295562 , 0.704438 , 0.255479 , 0.744521
1032 , 0.296404 , 0.703596 , 0.256206 , 0.743794
1033 , 0.297234 , 0.702766 , 0.256923 , 0.743077
1034 , 0.298053 , 0.701947 , 0.257631 , 0.742369
1035 , 0.298859 , 0.701141 , 0.258329 , 0.741671
1036 , 0.299654 , 0.700346 , 0.259017 , 0.740983
1037 , 0.300437 , 0.699563 , 0.259694 , 0.740306
1038 , 0.301208 , 0.698792 , 0.260362 , 0.739638
1039 , 0.301968 , 0.698032 , 0.26102 , 0.73898
1040 , 0.302715 , 0.697285 , 0.261668 , 0.738332
1041 , 0.30345 , 0.69655 , 0.262306 , 0.737694
1042 , 0.304174 , 0.695826 , 0.262933 , 0.737067
1043 , 0.304885 , 0.695115 , 0.263551 , 0.736449
1044 , 0.305585 , 0.694415 , 0.264158 , 0.735842
1045 , 0.306272 , 0.693728 , 0.264755 , 0.735245
1046 , 0.306948 , 0.693052 , 0.265341 , 0.734659
1047 , 0.307611 , 0.692389 , 0.265918 , 0.734082
1048 , 0.308262 , 0.691738 , 0.266484 , 0.733516
1049 , 0.308901 , 0.691099 , 0.26704 , 0.73296
1050 , 0.309528 , 0.690472 , 0.267585 , 0.732415
1051 , 0.310143 , 0.689857 , 0.26812 , 0.73188
1052 , 0.310746 , 0.689254 , 0.268645 , 0.731355
1053 , 0.311336 , 0.688664 , 0.269159 , 0.730841
1054 , 0.311915 , 0.688085 , 0.269662 , 0.730338
1055 , 0.312481 , 0.687519 , 0.270156 , 0.729844
1056 , 0.313034 , 0.686966 , 0.270638 , 0.729362
1057 , 0.313576 , 0.686424 , 0.27111 , 0.72889
1058 , 0.314105 , 0.685895 , 0.271572 , 0.728428
1059 , 0.314622 , 0.685378 , 0.272023 , 0.727977
1060 , 0.315127 , 0.684873 , 0.272463 , 0.727537
1061 , 0.315619 , 0.684381 , 0.272893 , 0.727107
1062 , 0.316099 , 0.683901 , 0.273312 , 0.726688
1063 , 0.316567 , 0.683433 , 0.27372 , 0.72628
1064 , 0.317023 , 0.682977 , 0.274118 , 0.725882
1065 , 0.317466 , 0.682534 , 0.274505 , 0.725495
1066 , 0.317896 , 0.682104 , 0.274881 , 0.725119
1067 , 0.318315 , 0.681685 , 0.275247 , 0.724753
1068 , 0.31872 , 0.68128 , 0.275602 , 0.724398
1069 , 0.319114 , 0.680886 , 0.275946 , 0.724054
1070 , 0.319495 , 0.680505 , 0.276279 , 0.723721
1071 , 0.319864 , 0.680136 , 0.276601 , 0.723399
1072 , 0.32022 , 0.67978 , 0.276913 , 0.723087
1073 , 0.320564 , 0.679436 , 0.277214 , 0.722786
1074 , 0.320895 , 0.679105 , 0.277504 , 0.722496
1075 , 0.321214 , 0.678786 , 0.277783 , 0.722217
1076 , 0.321521 , 0.678479 , 0.278051 , 0.721949
1077 , 0.321815 , 0.678185 , 0.278309 , 0.721691
1078 , 0.322096 , 0.677904 , 0.278555 , 0.721445
1079 , 0.322365 , 0.677635 , 0.278791 , 0.721209
1080 , 0.322622 , 0.677378 , 0.279016 , 0.720984
1081 , 0.322866 , 0.677134 , 0.27923 , 0.72077
1082 , 0.323098 , 0.676902 , 0.279433 , 0.720567
1083 , 0.323317 , 0.676683 , 0.279625 , 0.720375
1084 , 0.323524 , 0.676476 , 0.279806 , 0.720194
1085 , 0.323718 , 0.676282 , 0.279976 , 0.720024
1086 , 0.3239 , 0.6761 , 0.280135 , 0.719865
1087 , 0.324069 , 0.675931 , 0.280283 , 0.719717
1088 , 0.324225 , 0.675775 , 0.280421 , 0.719579
1089 , 0.324369 , 0.675631 , 0.280547 , 0.719453
1090 , 0.324501 , 0.675499 , 0.280663 , 0.719337
1091 , 0.32462 , 0.67538 , 0.280767 , 0.719233
1092 , 0.324727 , 0.675273 , 0.28086 , 0.71914
1093 , 0.324821 , 0.675179 , 0.280943 , 0.719057
1094 , 0.324902 , 0.675098 , 0.281014 , 0.718986
1095 , 0.324971 , 0.675029 , 0.281075 , 0.718925
1096 , 0.325028 , 0.674972 , 0.281124 , 0.718876
1097 , 0.325072 , 0.674928 , 0.281163 , 0.718837
1098 , 0.325103 , 0.674897 , 0.28119 , 0.71881
1099 , 0.325122 , 0.674878 , 0.281207 , 0.718793
1100 , 0.325128 , 0.674872 , 0.281212 , 0.718788
1101 , 0.325122 , 0.674878 , 0.281207 , 0.718793
1102 , 0.325103 , 0.674897 , 0.281191 , 0.718809
1103 , 0.325072 , 0.674928 , 0.281163 , 0.718837
1104 , 0.325028 , 0.674972 , 0.281125 , 0.718875
1105 , 0.324972 , 0.675028 , 0.281075 , 0.718925
1106 , 0.324903 , 0.675097 , 0.281015 , 0.718985
1107 , 0.324821 , 0.675179 , 0.280943 , 0.719057
1108 , 0.324727 , 0.675273 , 0.280861 , 0.719139
1109 , 0.324621 , 0.675379 , 0.280768 , 0.719232
1110 , 0.324502 , 0.675498 , 0.280663 , 0.719337
1111 , 0.324371 , 0.675629 , 0.280548 , 0.719452
1112 , 0.324227 , 0.675773 , 0.280422 , 0.719578
1113 , 0.32407 , 0.67593 , 0.280285 , 0.719715
1114 , 0.323901 , 0.676099 , 0.280136 , 0.719864
1115 , 0.323719 , 0.676281 , 0.279977 , 0.720023
1116 , 0.323525 , 0.676475 , 0.279807 , 0.720193
1117 , 0.323319 , 0.676681 , 0.279626 , 0.720374
1118 , 0.3231 , 0.6769 , 0.279434 , 0.720566
1119 , 0.322868 , 0.677132 , 0.279231 , 0.720769
1120 , 0.322624 , 0.677376 , 0.279018 , 0.720982
1121 , 0.322368 , 0.677632 , 0.278793 , 0.721207
1122 , 0.322099 , 0.677901 , 0.278557 , 0.721443
1123 , 0.321817 , 0.678183 , 0.278311 , 0.721689
1124 , 0.321523 , 0.678477 , 0.278054 , 0.721946
1125 , 0.321217 , 0.678783 , 0.277785 , 0.722215
1126 , 0.320898 , 0.679102 , 0.277506 , 0.722494
1127 , 0.320567 , 0.679433 , 0.277216 , 0.722784
1128 , 0.320223 , 0.679777 , 0.276916 , 0.723084
1129 , 0.319867 , 0.680133 , 0.276604 , 0.723396
1130 , 0.319498 , 0.680502 , 0.276282 , 0.723718
1131 , 0.319117 , 0.680883 , 0.275948 , 0.724052
1132 , 0.318724 , 0.681276 , 0.275604 , 0.724396
1133 , 0.318318 , 0.681682 , 0.27525 , 0.72475
1134 , 0.3179 , 0.6821 , 0.274884 , 0.725116
1135 , 0.317469 , 0.682531 , 0.274508 , 0.725492
1136 , 0.317026 , 0.682974 , 0.274121 , 0.725879
1137 , 0.316571 , 0.683429 , 0.273724 , 0.726276
1138 , 0.316103 , 0.683897 , 0.273315 , 0.726685
1139 , 0.315623 , 0.684377 , 0.272896 , 0.727104
1140 , 0.315131 , 0.684869 , 0.272467 , 0.727533
1141 , 0.314626 , 0.685374 , 0.272026 , 0.727974
1142 , 0.31411 , 0.68589 , 0.271576 , 0.728424
1143 , 0.31358 , 0.68642 , 0.271114 , 0.728886
1144 , 0.313039 , 0.686961 , 0.270642 , 0.729358
1145 , 0.312485 , 0.687515 , 0.27016 , 0.72984
1146 , 0.311919 , 0.688081 , 0.269667 , 0.730333
1147 , 0.311341 , 0.688659 , 0.269163 , 0.730837
1148 , 0.310751 , 0.689249 , 0.268649 , 0.731351
1149 , 0.310148 , 0.689852 , 0.268124 , 0.731876
1150 , 0.309533 , 0.690467 , 0.26759 , 0.73241
1151 , 0.308907 , 0.691093 , 0.267044 , 0.732956
1152 , 0.308268 , 0.691732 , 0.266489 , 0.733511
1153 , 0.307616 , 0.692384 , 0.265923 , 0.734077
1154 , 0.306953 , 0.693047 , 0.265346 , 0.734654
1155 , 0.306278 , 0.693722 , 0.26476 , 0.73524
1156 , 0.305591 , 0.694409 , 0.264163 , 0.735837
1157 , 0.304891 , 0.695109 , 0.263556 , 0.736444
1158 , 0.30418 , 0.69582 , 0.262938 , 0.737062
1159 , 0.303456 , 0.696544 , 0.262311 , 0.737689
1160 , 0.302721 , 0.697279 , 0.261673 , 0.738327
1161 , 0.301974 , 0.698026 , 0.261026 , 0.738974
1162 , 0.301215 , 0.698785 , 0.260368 , 0.739632
1163 , 0.300444 , 0.699556 , 0.2597 , 0.7403
1164 , 0.299661 , 0.700339 , 0.259022 , 0.740978
1165 , 0.298866 , 0.701134 , 0.258334 , 0.741666
1166 , 0.298059 , 0.701941 , 0.257637 , 0.742363
1167 , 0.297241 , 0.702759 , 0.256929 , 0.743071
1168 , 0.296411 , 0.703589 , 0.256212 , 0.743788
1169 , 0.295569 , 0.704431 , 0.255485 , 0.744515
1170 , 0.294716 , 0.705284 , 0.254748 , 0.745252
1171 , 0.293851 , 0.706149 , 0.254001 , 0.745999
1172 , 0.292974 , 0.707026 , 0.253245 , 0.746755
1173 , 0.292086 , 0.707914 , 0.252479 , 0.747521
1174 , 0.291187 , 0.708813 , 0.251703 , 0.748297
1175 , 0.290275 , 0.709725 , 0.250918 , 0.749082
1176 , 0.289353 , 0.710647 , 0.250124 , 0.749876
1177 , 0.288419 , 0.711581 , 0.24932 , 0.75068
1178 , 0.287473 , 0.712527 , 0.248506 , 0.751494
1179 , 0.286516 , 0.713484 , 0.247684 , 0.752316
1180 , 0.285548 , 0.714452 , 0.246852 , 0.753148
1181 , 0.284569 , 0.715431 , 0.246011 , 0.753989
1182 , 0.283579 , 0.716421 , 0.24516 , 0.75484
1183 , 0.282577 , 0.717423 , 0.244301 , 0.755699
1184 , 0.281565 , 0.718435 , 0.243432 , 0.756568
1185 , 0.280541 , 0.719459 , 0.242555 , 0.757445
1186 , 0.279506 , 0.720494 , 0.241668 , 0.758332
1187 , 0.278461 , 0.721539 , 0.240773 , 0.759227
1188 , 0.277404 , 0.722596 , 0.239869 , 0.760131
1189 , 0.276337 , 0.723663 , 0.238956 , 0.761044
1190 , 0.275259 , 0.724741 , 0.238034 , 0.761966
1191 , 0.27417 , 0.72583 , 0.237104 , 0.762896
1192 , 0.273071 , 0.726929 , 0.236165 , 0.763835
1193 , 0.271961 , 0.728039 , 0.235217 , 0.764783
1194 , 0.27084 , 0.72916 , 0.234262 , 0.765738
1195 , 0.269709 , 0.730291 , 0.233297 , 0.766703
1196 , 0.268568 , 0.731432 , 0.232325 , 0.767675
1197 , 0.267416 , 0.732584 , 0.231344 , 0.768656
1198 , 0.266254 , 0.733746 , 0.230356 , 0.769644
1199 , 0.265082 , 0.734918 , 0.229359 , 0.770641
1200 , 0.2639 , 0.7361 , 0.228354 , 0.771646
1201 , 0.262708 , 0.737292 , 0.227341 , 0.772659
1202 , 0.261506 , 0.738494 , 0.226321 , 0.773679
1203 , 0.260294 , 0.739706 , 0.225293 , 0.774707
1204 , 0.259072 , 0.740928 , 0.224257 , 0.775743
1205 , 0.25784 , 0.74216 , 0.223213 , 0.776787
1206 , 0.256599 , 0.743401 , 0.222162 , 0.777838
1207 , 0.255349 , 0.744651 , 0.221104 , 0.778896
1208 , 0.254088 , 0.745912 , 0.220038 , 0.779962
1209 , 0.252819 , 0.747181 , 0.218965 , 0.781035
1210 , 0.25154 , 0.74846 , 0.217885 , 0.782115
1211 , 0.250252 , 0.749748 , 0.216798 , 0.783202
1212 , 0.248955 , 0.751045 , 0.215704 , 0.784296
1213 , 0.24765 , 0.75235 , 0.214604 , 0.785396
1214 , 0.246335 , 0.753665 , 0.213496 , 0.786504
1215 , 0.245011 , 0.754989 , 0.212382 , 0.787618
1216 , 0.243679 , 0.756321 , 0.211261 , 0.788739
1217 , 0.242338 , 0.757662 , 0.210134 , 0.789866
1218 , 0.240989 , 0.759011 , 0.209001 , 0.790999
1219 , 0.239632 , 0.760368 , 0.207861 , 0.792139
1220 , 0.238266 , 0.761734 , 0.206715 , 0.793285
1221 , 0.236892 , 0.763108 , 0.205564 , 0.794436
1222 , 0.23551 , 0.76449 , 0.204406 , 0.795594
1223 , 0.23412 , 0.76588 , 0.203243 , 0.796757
1224 , 0.232723 , 0.767277 , 0.202074 , 0.797926
1225 , 0.231318 , 0.768682 , 0.200899 , 0.799101
1226 , 0.229906 , 0.770094 , 0.19972 , 0.80028
1227 , 0.228486 , 0.771514 , 0.198534 , 0.801466
1228 , 0.227059 , 0.772941 , 0.197344 , 0.802656
1229 , 0.225625 , 0.774375 , 0.196149 , 0.803851
1230 , 0.224183 , 0.775817 , 0.194948 , 0.805052
1231 , 0.222736 , 0.777264 , 0.193743 , 0.806257
1232 , 0.221281 , 0.778719 , 0.192534 , 0.807466
1233 , 0.21982 , 0.78018 , 0.191319 , 0.808681
1234 , 0.218353 , 0.781647 , 0.190101 , 0.809899
1235 , 0.216879 , 0.783121 , 0.188878 , 0.811122
1236 , 0.215399 , 0.784601 , 0.187651 , 0.812349
1237 , 0.213914 , 0.786086 , 0.18642 , 0.81358
1238 , 0.212423 , 0.787577 , 0.185186 , 0.814814
1239 , 0.210926 , 0.789074 , 0.183947 , 0.816053
1240 , 0.209424 , 0.790576 , 0.182705 , 0.817295
1241 , 0.207916 , 0.792084 , 0.18146 , 0.81854
1242 , 0.206403 , 0.793597 , 0.180212 , 0.819788
1243 , 0.204886 , 0.795114 , 0.17896 , 0.82104
1244 , 0.203364 , 0.796636 , 0.177706 , 0.822294
1245 , 0.201837 , 0.798163 , 0.176448 , 0.823552
1246 , 0.200306 , 0.799694 , 0.175188 , 0.824812
1247 , 0.198771 , 0.801229 , 0.173926 , 0.826074
1248 , 0.197232 , 0.802768 , 0.172662 , 0.827338
1249 , 0.195689 , 0.804311 , 0.171395 , 0.828605
1250 , 0.194142 , 0.805858 , 0.170126 , 0.829874
1251 , 0.192592 , 0.807408 , 0.168856 , 0.831144
1252 , 0.191039 , 0.808961 , 0.167583 , 0.832417
1253 , 0.189482 , 0.810518 , 0.16631 , 0.83369
1254 , 0.187923 , 0.812077 , 0.165035 , 0.834965
1255 , 0.186362 , 0.813638 , 0.163759 , 0.836241
1256 , 0.184798 , 0.815202 , 0.162482 , 0.837518
1257 , 0.183232 , 0.816768 , 0.161204 , 0.838796
1258 , 0.181663 , 0.818337 , 0.159926 , 0.840074
1259 , 0.180093 , 0.819907 , 0.158647 , 0.841353
1260 , 0.178522 , 0.821478 , 0.157368 , 0.842632
1261 , 0.176949 , 0.823051 , 0.156089 , 0.843911
1262 , 0.175375 , 0.824625 , 0.15481 , 0.84519
1263 , 0.173801 , 0.826199 , 0.153532 , 0.846468
1264 , 0.172226 , 0.827774 , 0.152254 , 0.847746
1265 , 0.17065 , 0.82935 , 0.150976 , 0.849024
1266 , 0.169074 , 0.830926 , 0.1497 , 0.8503
1267 , 0.167498 , 0.832502 , 0.148425 , 0.851575
1268 , 0.165923 , 0.834077 , 0.147151 , 0.852849
1269 , 0.164348 , 0.835652 , 0.145878 , 0.854122
1270 , 0.162774 , 0.837226 , 0.144607 , 0.855393
1271 , 0.161202 , 0.838798 , 0.143338 , 0.856662
1272 , 0.15963 , 0.84037 , 0.142071 , 0.857929
1273 , 0.15806 , 0.84194 , 0.140807 , 0.859193
1274 , 0.156492 , 0.843508 , 0.139545 , 0.860455
1275 , 0.154926 , 0.845074 , 0.138285 , 0.861715
1276 , 0.153363 , 0.846637 , 0.137029 , 0.862971
1277 , 0.151802 , 0.848198 , 0.135775 , 0.864225
1278 , 0.150244 , 0.849756 , 0.134525 , 0.865475
1279 , 0.148689 , 0.851311 , 0.133278 , 0.866722
1280 , 0.147137 , 0.852863 , 0.132035 , 0.867965
1281 , 0.14559 , 0.85441 , 0.130796 , 0.869204
1282 , 0.144046 , 0.855954 , 0.129561 , 0.870439
1283 , 0.142506 , 0.857494 , 0.128331 , 0.871669
1284 , 0.140971 , 0.859029 , 0.127105 , 0.872895
1285 , 0.139441 , 0.860559 , 0.125884 , 0.874116
1286 , 0.137916 , 0.862084 , 0.124668 , 0.875332
1287 , 0.136397 , 0.863603 , 0.123457 , 0.876543
1288 , 0.134883 , 0.865117 , 0.122251 , 0.877749
1289 , 0.133375 , 0.866625 , 0.121051 , 0.878949
1290 , 0.131873 , 0.868127 , 0.119857 , 0.880143
1291 , 0.130377 , 0.869623 , 0.118669 , 0.881331
1292 , 0.128889 , 0.871111 , 0.117487 , 0.882513
1293 , 0.127408 , 0.872592 , 0.116312 , 0.883688
1294 , 0.125934 , 0.874066 , 0.115144 , 0.884856
1295 , 0.124468 , 0.875532 , 0.113982 , 0.886018
1296 , 0.123009 , 0.876991 , 0.112828 , 0.887172
1297 , 0.121559 , 0.878441 , 0.111681 , 0.888319
1298 , 0.120118 , 0.879882 , 0.110542 , 0.889458
1299 , 0.118686 , 0.881314 , 0.109411 , 0.890589
1300 , 0.117262 , 0.882738 , 0.108287 , 0.891713
1301 , 0.115848 , 0.884152 , 0.107172 , 0.892828
1302 , 0.114444 , 0.885556 , 0.106065 , 0.893935
1303 , 0.11305 , 0.88695 , 0.104967 , 0.895033
1304 , 0.111667 , 0.888333 , 0.103878 , 0.896122
1305 , 0.110294 , 0.889706 , 0.102799 , 0.897201
1306 , 0.108932 , 0.891068 , 0.101728 , 0.898272
1307 , 0.107581 , 0.892419 , 0.100667 , 0.899333
1308 , 0.106242 , 0.893758 , 0.099616 , 0.900384
1309 , 0.104915 , 0.895085 , 0.0985748 , 0.901425
1310 , 0.1036 , 0.8964 , 0.0975439 , 0.902456
1311 , 0.102298 , 0.897702 , 0.0965234 , 0.903477
1312 , 0.101008 , 0.898992 , 0.0955136 , 0.904486
1313 , 0.0997311 , 0.900269 , 0.0945146 , 0.905485
1314 , 0.0984678 , 0.901532 , 0.0935267 , 0.906473
1315 , 0.097218 , 0.902782 , 0.0925501 , 0.90745
1316 , 0.0959823 , 0.904018 , 0.0915849 , 0.908415
1317 , 0.0947607 , 0.905239 , 0.0906315 , 0.909369
1318 , 0.0935537 , 0.906446 , 0.0896899 , 0.91031
1319 , 0.0923614 , 0.907639 , 0.0887605 , 0.91124
1320 , 0.0911843 , 0.908816 , 0.0878433 , 0.912157
1321 , 0.0900225 , 0.909977 , 0.0869386 , 0.913061
1322 , 0.0888764 , 0.911124 , 0.0860467 , 0.913953
1323 , 0.0877463 , 0.912254 , 0.0851676 , 0.914832
1324 , 0.0866323 , 0.913368 , 0.0843017 , 0.915698
1325 , 0.0855348 , 0.914465 , 0.083449 , 0.916551
1326 , 0.0844541 , 0.915546 , 0.0826098 , 0.91739
1327 , 0.0833905 , 0.91661 , 0.0817842 , 0.918216
1328 , 0.0823441 , 0.917656 , 0.0809725 , 0.919027
1329 , 0.0813153 , 0.918685 , 0.0801749 , 0.919825
1330 , 0.0803043 , 0.919696 , 0.0793914 , 0.920609
1331 , 0.0793115 , 0.920689 , 0.0786223 , 0.921378
1332 , 0.0783369 , 0.921663 , 0.0778679 , 0.922132
1333 , 0.0773809 , 0.922619 , 0.0771281 , 0.922872
1334 , 0.0764438 , 0.923556 , 0.0764033 , 0.923597
1335 , 0.0755258 , 0.924474 , 0.0756935 , 0.924306
1336 , 0.074627 , 0.925373 , 0.074999 , 0.925001
1337 , 0.0737478 , 0.926252 , 0.0743199 , 0.92568
1338 , 0.0728885 , 0.927112 , 0.0736564 , 0.926344
1339 , 0.0720491 , 0.927951 , 0.0730085 , 0.926991
1340 , 0.0712299 , 0.92877 , 0.0723766 , 0.927623
1341 , 0.0704312 , 0.929569 , 0.0717607 , 0.928239
1342 , 0.0696532 , 0.930347 , 0.0711609 , 0.928839
1343 , 0.0688961 , 0.931104 , 0.0705775 , 0.929422
1344 , 0.06816 , 0.93184 , 0.0700105 , 0.929989
1345 , 0.0674452 , 0.932555 , 0.0694601 , 0.93054
1346 , 0.0667519 , 0.933248 , 0.0689265 , 0.931074
1347 , 0.0660803 , 0.93392 , 0.0684096 , 0.93159
1348 , 0.0654305 , 0.934569 , 0.0679098 , 0.93209
1349 , 0.0648028 , 0.935197 , 0.067427 , 0.932573
1350 , 0.0641972 , 0.935803 , 0.0669615 , 0.933039
1351 , 0.063614 , 0.936386 , 0.0665133 , 0.933487
1352 , 0.0630533 , 0.936947 , 0.0660825 , 0.933918
1353 , 0.0625153 , 0.937485 , 0.0656692 , 0.934331
1354 , 0.0620002 , 0.938 , 0.0652736 , 0.934726
1355 , 0.061508 , 0.938492 , 0.0648958 , 0.935104
1356 , 0.0610389 , 0.938961 , 0.0645357 , 0.935464
1357 , 0.0605931 , 0.939407 , 0.0641936 , 0.935806
1358 , 0.0601706 , 0.939829 , 0.0638695 , 0.936131
1359 , 0.0597717 , 0.940228 , 0.0635635 , 0.936437
1360 , 0.0593963 , 0.940604 , 0.0632756 , 0.936724
1361 , 0.0590446 , 0.940955 , 0.0630059 , 0.936994
1362 , 0.0587168 , 0.941283 , 0.0627546 , 0.937245
1363 , 0.0584128 , 0.941587 , 0.0625216 , 0.937478
1364 , 0.0581329 , 0.941867 , 0.062307 , 0.937693
1365 , 0.057877 , 0.942123 , 0.0621109 , 0.937889
1366 , 0.0576452 , 0.942355 , 0.0619333 , 0.938067
1367 , 0.0574377 , 0.942562 , 0.0617743 , 0.938226
1368 , 0.0572544 , 0.942746 , 0.0616339 , 0.938366
1369 , 0.0570954 , 0.942905 , 0.0615121 , 0.938488
1370 , 0.0569608 , 0.943039 , 0.061409 , 0.938591
1371 , 0.0568506 , 0.943149 , 0.0613246 , 0.938675
1372 , 0.0567648 , 0.943235 , 0.0612589 , 0.938741
1373 , 0.0567035 , 0.943297 , 0.0612119 , 0.938788
1374 , 0.0566666 , 0.943333 , 0.0611837 , 0.938816
1375 , 0.0566542 , 0.943346 , 0.0611742 , 0.938826
1376 , 0.0566664 , 0.943334 , 0.0611835 , 0.938816
1377 , 0.056703 , 0.943297 , 0.0612115 , 0.938788
1378 , 0.056764 , 0.943236 , 0.0612583 , 0.938742
1379 , 0.0568496 , 0.94315 , 0.0613238 , 0.938676
1380 , 0.0569595 , 0.94304 , 0.061408 , 0.938592
1381 , 0.0570939 , 0.942906 , 0.061511 , 0.938489
1382 , 0.0572526 , 0.942747 , 0.0616325 , 0.938367
1383 , 0.0574356 , 0.942564 , 0.0617728 , 0.938227
1384 , 0.057643 , 0.942357 , 0.0619316 , 0.938068
1385 , 0.0578745 , 0.942126 , 0.062109 , 0.937891
1386 , 0.0581301 , 0.94187 , 0.0623049 , 0.937695
1387 , 0.0584098 , 0.94159 , 0.0625193 , 0.937481
1388 , 0.0587135 , 0.941286 , 0.0627521 , 0.937248
1389 , 0.0590411 , 0.940959 , 0.0630032 , 0.936997
1390 , 0.0593925 , 0.940607 , 0.0632727 , 0.936727
1391 , 0.0597677 , 0.940232 , 0.0635604 , 0.93644
1392 , 0.0601664 , 0.939834 , 0.0638662 , 0.936134
1393 , 0.0605886 , 0.939411 , 0.0641902 , 0.93581
1394 , 0.0610342 , 0.938966 , 0.0645321 , 0.935468
1395 , 0.061503 , 0.938497 , 0.064892 , 0.935108
1396 , 0.0619949 , 0.938005 , 0.0652696 , 0.93473
1397 , 0.0625099 , 0.93749 , 0.0656651 , 0.934335
1398 , 0.0630476 , 0.936952 , 0.0660781 , 0.933922
1399 , 0.0636081 , 0.936392 , 0.0665087 , 0.933491
1400 , 0.064191 , 0.935809 , 0.0669568 , 0.933043
1401 , 0.0647964 , 0.935204 , 0.0674221 , 0.932578
1402 , 0.0654239 , 0.934576 , 0.0679047 , 0.932095
1403 , 0.0660735 , 0.933927 , 0.0684044 , 0.931596
1404 , 0.0667449 , 0.933255 , 0.068921 , 0.931079
1405 , 0.067438 , 0.932562 , 0.0694545 , 0.930545
1406 , 0.0681525 , 0.931847 , 0.0700047 , 0.929995
1407 , 0.0688883 , 0.931112 , 0.0705715 , 0.929428
1408 , 0.0696453 , 0.930355 , 0.0711548 , 0.928845
1409 , 0.0704231 , 0.929577 , 0.0717544 , 0.928246
1410 , 0.0712216 , 0.928778 , 0.0723701 , 0.92763
1411 , 0.0720405 , 0.92796 , 0.0730019 , 0.926998
1412 , 0.0728797 , 0.92712 , 0.0736496 , 0.92635
1413 , 0.0737388 , 0.926261 , 0.0743129 , 0.925687
1414 , 0.0746178 , 0.925382 , 0.0749919 , 0.925008
1415 , 0.0755163 , 0.924484 , 0.0756862 , 0.924314
1416 , 0.0764342 , 0.923566 , 0.0763958 , 0.923604
1417 , 0.0773711 , 0.922629 , 0.0771205 , 0.922879
1418 , 0.0783269 , 0.921673 , 0.0778601 , 0.92214
1419 , 0.0793013 , 0.920699 , 0.0786145 , 0.921386
1420 , 0.080294 , 0.919706 , 0.0793834 , 0.920617
1421 , 0.0813047 , 0.918695 , 0.0801667 , 0.919833
1422 , 0.0823334 , 0.917667 , 0.0809642 , 0.919036
1423 , 0.0833795 , 0.91662 , 0.0817757 , 0.918224
1424 , 0.084443 , 0.915557 , 0.0826011 , 0.917399
1425 , 0.0855236 , 0.914476 , 0.0834402 , 0.91656
1426 , 0.0866208 , 0.913379 , 0.0842928 , 0.915707
1427 , 0.0877346 , 0.912265 , 0.0851586 , 0.914841
1428 , 0.0888646 , 0.911135 , 0.0860375 , 0.913962
1429 , 0.0900106 , 0.909989 , 0.0869293 , 0.913071
1430 , 0.0911722 , 0.908828 , 0.0878339 , 0.912166
1431 , 0.0923491 , 0.907651 , 0.0887509 , 0.911249
1432 , 0.0935412 , 0.906459 , 0.0896802 , 0.91032
1433 , 0.0947481 , 0.905252 , 0.0906217 , 0.909378
1434 , 0.0959695 , 0.90403 , 0.091575 , 0.908425
1435 , 0.0972052 , 0.902795 , 0.09254 , 0.90746
1436 , 0.0984547 , 0.901545 , 0.0935165 , 0.906483
1437 , 0.099718 , 0.900282 , 0.0945043 , 0.905496
1438 , 0.100995 , 0.899005 , 0.0955032 , 0.904497
1439 , 0.102284 , 0.897716 , 0.0965129 , 0.903487
1440 , 0.103587 , 0.896413 , 0.0975333 , 0.902467
1441 , 0.104902 , 0.895098 , 0.0985641 , 0.901436
1442 , 0.106229 , 0.893771 , 0.0996051 , 0.900395
1443 , 0.107568 , 0.892432 , 0.100656 , 0.899344
1444 , 0.108918 , 0.891082 , 0.101717 , 0.898283
1445 , 0.11028 , 0.88972 , 0.102787 , 0.897213
1446 , 0.111653 , 0.888347 , 0.103867 , 0.896133
1447 , 0.113036 , 0.886964 , 0.104956 , 0.895044
1448 , 0.11443 , 0.88557 , 0.106054 , 0.893946
1449 , 0.115834 , 0.884166 , 0.107161 , 0.892839
1450 , 0.117248 , 0.882752 , 0.108276 , 0.891724
1451 , 0.118671 , 0.881329 , 0.109399 , 0.890601
1452 , 0.120103 , 0.879897 , 0.11053 , 0.88947
1453 , 0.121544 , 0.878456 , 0.111669 , 0.888331
1454 , 0.122994 , 0.877006 , 0.112816 , 0.887184
1455 , 0.124452 , 0.875548 , 0.11397 , 0.88603
1456 , 0.125918 , 0.874082 , 0.115132 , 0.884868
1457 , 0.127392 , 0.872608 , 0.1163 , 0.8837
1458 , 0.128874 , 0.871126 , 0.117475 , 0.882525
1459 , 0.130362 , 0.869638 , 0.118657 , 0.881343
1460 , 0.131857 , 0.868143 , 0.119845 , 0.880155
1461 , 0.133359 , 0.866641 , 0.121039 , 0.878961
1462 , 0.134867 , 0.865133 , 0.122239 , 0.877761
1463 , 0.136381 , 0.863619 , 0.123444 , 0.876556
1464 , 0.1379 , 0.8621 , 0.124655 , 0.875345
1465 , 0.139425 , 0.860575 , 0.125871 , 0.874129
1466 , 0.140956 , 0.859044 , 0.127092 , 0.872908
1467 , 0.14249 , 0.85751 , 0.128318 , 0.871682
1468 , 0.14403 , 0.85597 , 0.129549 , 0.870451
1469 , 0.145574 , 0.854426 , 0.130783 , 0.869217
1470 , 0.147121 , 0.852879 , 0.132022 , 0.867978
1471 , 0.148673 , 0.851327 , 0.133265 , 0.866735
1472 , 0.150228 , 0.849772 , 0.134512 , 0.865488
1473 , 0.151786 , 0.848214 , 0.135762 , 0.864238
1474 , 0.153347 , 0.846653 , 0.137016 , 0.862984
1475 , 0.15491 , 0.84509 , 0.138272 , 0.861728
1476 , 0.156476 , 0.843524 , 0.139532 , 0.860468
1477 , 0.158044 , 0.841956 , 0.140794 , 0.859206
1478 , 0.159614 , 0.840386 , 0.142058 , 0.857942
1479 , 0.161185 , 0.838815 , 0.143325 , 0.856675
1480 , 0.162758 , 0.837242 , 0.144594 , 0.855406
1481 , 0.164332 , 0.835668 , 0.145865 , 0.854135
1482 , 0.165907 , 0.834093 , 0.147138 , 0.852862
1483 , 0.167482 , 0.832518 , 0.148412 , 0.851588
1484 , 0.169058 , 0.830942 , 0.149687 , 0.850313
1485 , 0.170634 , 0.829366 , 0.150963 , 0.849037
1486 , 0.172209 , 0.827791 , 0.152241 , 0.847759
1487 , 0.173784 , 0.826216 , 0.153519 , 0.846481
1488 , 0.175359 , 0.824641 , 0.154797 , 0.845203
1489 , 0.176933 , 0.823067 , 0.156076 , 0.843924
1490 , 0.178506 , 0.821494 , 0.157355 , 0.842645
1491 , 0.180077 , 0.819923 , 0.158634 , 0.841366
1492 , 0.181647 , 0.818353 , 0.159913 , 0.840087
1493 , 0.183215 , 0.816785 , 0.161191 , 0.838809
1494 , 0.184781 , 0.815219 , 0.162469 , 0.837531
1495 , 0.186346 , 0.813654 , 0.163746 , 0.836254
1496 , 0.187907 , 0.812093 , 0.165022 , 0.834978
1497 , 0.189466 , 0.810534 , 0.166297 , 0.833703
1498 , 0.191023 , 0.808977 , 0.16757 , 0.83243
1499 , 0.192576 , 0.807424 , 0.168842 , 0.831158
1500 , 0.194126 , 0.805874 , 0.170113 , 0.829887
1501 , 0.195673 , 0.804327 , 0.171382 , 0.828618
1502 , 0.197216 , 0.802784 , 0.172648 , 0.827352
1503 , 0.198755 , 0.801245 , 0.173913 , 0.826087
1504 , 0.20029 , 0.79971 , 0.175175 , 0.824825
1505 , 0.201821 , 0.798179 , 0.176435 , 0.823565
1506 , 0.203348 , 0.796652 , 0.177693 , 0.822307
1507 , 0.20487 , 0.79513 , 0.178947 , 0.821053
1508 , 0.206388 , 0.793612 , 0.180199 , 0.819801
1509 , 0.2079 , 0.7921 , 0.181447 , 0.818553
1510 , 0.209408 , 0.790592 , 0.182693 , 0.817307
1511 , 0.21091 , 0.78909 , 0.183934 , 0.816066
1512 , 0.212407 , 0.787593 , 0.185173 , 0.814827
1513 , 0.213898 , 0.786102 , 0.186408 , 0.813592
1514 , 0.215384 , 0.784616 , 0.187638 , 0.812362
1515 , 0.216864 , 0.783136 , 0.188865 , 0.811135
1516 , 0.218337 , 0.781663 , 0.190088 , 0.809912
1517 , 0.219805 , 0.780195 , 0.191307 , 0.808693
1518 , 0.221266 , 0.778734 , 0.192521 , 0.807479
1519 , 0.222721 , 0.777279 , 0.193731 , 0.806269
1520 , 0.224168 , 0.775832 , 0.194936 , 0.805064
1521 , 0.22561 , 0.77439 , 0.196136 , 0.803864
1522 , 0.227044 , 0.772956 , 0.197332 , 0.802668
1523 , 0.228471 , 0.771529 , 0.198522 , 0.801478
1524 , 0.229891 , 0.770109 , 0.199707 , 0.800293
1525 , 0.231303 , 0.768697 , 0.200887 , 0.799113
1526 , 0.232709 , 0.767291 , 0.202062 , 0.797938
1527 , 0.234106 , 0.765894 , 0.203231 , 0.796769
1528 , 0.235496 , 0.764504 , 0.204394 , 0.795606
1529 , 0.236878 , 0.763122 , 0.205552 , 0.794448
1530 , 0.238252 , 0.761748 , 0.206704 , 0.793296
1531 , 0.239617 , 0.760383 , 0.207849 , 0.792151
1532 , 0.240975 , 0.759025 , 0.208989 , 0.791011
1533 , 0.242324 , 0.757676 , 0.210122 , 0.789878
1534 , 0.243665 , 0.756335 , 0.21125 , 0.78875
1535 , 0.244997 , 0.755003 , 0.21237 , 0.78763
1536 , 0.246321 , 0.753679 , 0.213485 , 0.786515
1537 , 0.247636 , 0.752364 , 0.214592 , 0.785408
1538 , 0.248942 , 0.751058 , 0.215693 , 0.784307
1539 , 0.250239 , 0.749761 , 0.216787 , 0.783213
1540 , 0.251527 , 0.748473 , 0.217874 , 0.782126
1541 , 0.252806 , 0.747194 , 0.218954 , 0.781046
1542 , 0.254075 , 0.745925 , 0.220027 , 0.779973
1543 , 0.255336 , 0.744664 , 0.221093 , 0.778907
1544 , 0.256586 , 0.743414 , 0.222151 , 0.777849
1545 , 0.257828 , 0.742172 , 0.223202 , 0.776798
1546 , 0.259059 , 0.740941 , 0.224246 , 0.775754
1547 , 0.260281 , 0.739719 , 0.225282 , 0.774718
1548 , 0.261493 , 0.738507 , 0.22631 , 0.77369
1549 , 0.262695 , 0.737305 , 0.227331 , 0.772669
1550 , 0.263888 , 0.736112 , 0.228344 , 0.771656
1551 , 0.26507 , 0.73493 , 0.229348 , 0.770652
1552 , 0.266242 , 0.733758 , 0.230345 , 0.769655
1553 , 0.267404 , 0.732596 , 0.231334 , 0.768666
1554 , 0.268556 , 0.731444 , 0.232315 , 0.767685
1555 , 0.269697 , 0.730303 , 0.233287 , 0.766713
1556 , 0.270828 , 0.729172 , 0.234252 , 0.765748
1557 , 0.271949 , 0.728051 , 0.235208 , 0.764792
1558 , 0.273059 , 0.726941 , 0.236155 , 0.763845
1559 , 0.274159 , 0.725841 , 0.237094 , 0.762906
1560 , 0.275248 , 0.724752 , 0.238024 , 0.761976
1561 , 0.276326 , 0.723674 , 0.238946 , 0.761054
1562 , 0.277393 , 0.722607 , 0.239859 , 0.760141
1563 , 0.27845 , 0.72155 , 0.240763 , 0.759237
1564 , 0.279495 , 0.720505 , 0.241659 , 0.758341
1565 , 0.28053 , 0.71947 , 0.242545 , 0.757455
1566 , 0.281554 , 0.718446 , 0.243423 , 0.756577
1567 , 0.282567 , 0.717433 , 0.244292 , 0.755708
1568 , 0.283568 , 0.716432 , 0.245151 , 0.754849
1569 , 0.284559 , 0.715441 , 0.246002 , 0.753998
1570 , 0.285538 , 0.714462 , 0.246843 , 0.753157
1571 , 0.286506 , 0.713494 , 0.247675 , 0.752325
1572 , 0.287463 , 0.712537 , 0.248498 , 0.751502
1573 , 0.288409 , 0.711591 , 0.249311 , 0.750689
1574 , 0.289343 , 0.710657 , 0.250115 , 0.749885
1575 , 0.290266 , 0.709734 , 0.25091 , 0.74909
1576 , 0.291177 , 0.708823 , 0.251695 , 0.748305
1577 , 0.292077 , 0.707923 , 0.252471 , 0.747529
1578 , 0.292965 , 0.707035 , 0.253237 , 0.746763
1579 , 0.293842 , 0.706158 , 0.253993 , 0.746007
1580 , 0.294707 , 0.705293 , 0.25474 , 0.74526
1581 , 0.295561 , 0.704439 , 0.255477 , 0.744523
1582 , 0.296402 , 0.703598 , 0.256204 , 0.743796
1583 , 0.297233 , 0.702767 , 0.256922 , 0.743078
1584 , 0.298051 , 0.701949 , 0.257629 , 0.742371
1585 , 0.298858 , 0.701142 , 0.258327 , 0.741673
1586 , 0.299653 , 0.700347 , 0.259015 , 0.740985
1587 , 0.300436 , 0.699564 , 0.259693 , 0.740307
1588 , 0.301207 , 0.698793 , 0.260361 , 0.739639
1589 , 0.301966 , 0.698034 , 0.261019 , 0.738981
1590 , 0.302713 , 0.697287 , 0.261667 , 0.738333
1591 , 0.303449 , 0.696551 , 0.262304 , 0.737696
1592 , 0.304172 , 0.695828 , 0.262932 , 0.737068
1593 , 0.304884 , 0.695116 , 0.263549 , 0.736451
1594 , 0.305583 , 0.694417 , 0.264156 , 0.735844
1595 , 0.306271 , 0.693729 , 0.264753 , 0.735247
1596 , 0.306946 , 0.693054 , 0.26534 , 0.73466
1597 , 0.30761 , 0.69239 , 0.265917 , 0.734083
1598 , 0.308261 , 0.691739 , 0.266483 , 0.733517
1599 , 0.3089 , 0.6911 , 0.267039 , 0.732961
1600 , 0.309527 , 0.690473 , 0.267584 , 0.732416
1601 , 0.310142 , 0.689858 , 0.268119 , 0.731881
1602 , 0.310745 , 0.689255 , 0.268644 , 0.731356
1603 , 0.311335 , 0.688665 , 0.269158 , 0.730842
1604 , 0.311913 , 0.688087 , 0.269661 , 0.730339
1605 , 0.312479 , 0.687521 , 0.270155 , 0.729845
1606 , 0.313033 , 0.686967 , 0.270637 , 0.729363
1607 , 0.313575 , 0.686425 , 0.271109 , 0.728891
1608 , 0.314104 , 0.685896 , 0.271571 , 0.728429
1609 , 0.314621 , 0.685379 , 0.272022 , 0.727978
1610 , 0.315126 , 0.684874 , 0.272462 , 0.727538
1611 , 0.315618 , 0.684382 , 0.272892 , 0.727108
1612 , 0.316098 , 0.683902 , 0.273311 , 0.726689
1613 , 0.316566 , 0.683434 , 0.273719 , 0.726281
1614 , 0.317022 , 0.682978 , 0.274117 , 0.725883
1615 , 0.317465 , 0.682535 , 0.274504 , 0.725496
1616 , 0.317895 , 0.682105 , 0.27488 , 0.72512
1617 , 0.318314 , 0.681686 , 0.275246 , 0.724754
1618 , 0.31872 , 0.68128 , 0.275601 , 0.724399
1619 , 0.319113 , 0.680887 , 0.275945 , 0.724055
1620 , 0.319494 , 0.680506 , 0.276278 , 0.723722
1621 , 0.319863 , 0.680137 , 0.276601 , 0.723399
1622 , 0.320219 , 0.679781 , 0.276912 , 0.723088
1623 , 0.320563 , 0.679437 , 0.277213 , 0.722787
1624 , 0.320895 , 0.679105 , 0.277503 , 0.722497
1625 , 0.321214 , 0.678786 , 0.277782 , 0.722218
1626 , 0.32152 , 0.67848 , 0.278051 , 0.721949
1627 , 0.321814 , 0.678186 , 0.278308 , 0.721692
1628 , 0.322096 , 0.677904 , 0.278555 , 0.721445
1629 , 0.322365 , 0.677635 , 0.278791 , 0.721209
1630 , 0.322622 , 0.677378 , 0.279015 , 0.720985
1631 , 0.322866 , 0.677134 , 0.279229 , 0.720771
1632 , 0.323097 , 0.676903 , 0.279432 , 0.720568
1633 , 0.323317 , 0.676683 , 0.279624 , 0.720376
1634 , 0.323523 , 0.676477 , 0.279805 , 0.720195
1635 , 0.323717 , 0.676283 , 0.279976 , 0.720024
1636 , 0.323899 , 0.676101 , 0.280135 , 0.719865
1637 , 0.324068 , 0.675932 , 0.280283 , 0.719717
1638 , 0.324225 , 0.675775 , 0.280421 , 0.719579
1639 , 0.324369 , 0.675631 , 0.280547 , 0.719453
1640 , 0.324501 , 0.675499 , 0.280662 , 0.719338
1641 , 0.32462 , 0.67538 , 0.280767 , 0.719233
1642 , 0.324726 , 0.675274 , 0.28086 , 0.71914
1643 , 0.32482 , 0.67518 , 0.280943 , 0.719057
1644 , 0.324902 , 0.675098 , 0.281014 , 0.718986
1645 , 0.324971 , 0.675029 , 0.281075 , 0.718925
1646 , 0.325027 , 0.674973 , 0.281124 , 0.718876
1647 , 0.325071 , 0.674929 , 0.281163 , 0.718837
1648 , 0.325103 , 0.674897 , 0.28119 , 0.71881
1649 , 0.325122 , 0.674878 , 0.281207 , 0.718793
1650 , 0.325128 , 0.674872 , 0.281212 , 0.718788
1651 , 0.325122 , 0.674878 , 0.281207 , 0.718793
1652 , 0.325103 , 0.674897 , 0.281191 , 0.718809
1653 , 0.325072 , 0.674928 , 0.281163 , 0.718837
1654 , 0.325028 , 0.674972 , 0.281125 , 0.718875
1655 , 0.324972 , 0.675028 , 0.281075 , 0.718925
1656 , 0.324903 , 0.675097 , 0.281015 , 0.718985
1657 , 0.324822 , 0.675178 , 0.280944 , 0.719056
1658 , 0.324728 , 0.675272 , 0.280861 , 0.719139
1659 , 0.324621 , 0.675379 , 0.280768 , 0.719232
1660 , 0.324502 , 0.675498 , 0.280664 , 0.719336
1661 , 0.324371 , 0.675629 , 0.280548 , 0.719452
1662 , 0.324227 , 0.675773 , 0.280422 , 0.719578
1663 , 0.32407 , 0.67593 , 0.280285 , 0.719715
1664 , 0.323901 , 0.676099 , 0.280137 , 0.719863
1665 , 0.32372 , 0.67628 , 0.279978 , 0.720022
1666 , 0.323526 , 0.676474 , 0.279808 , 0.720192
1667 , 0.323319 , 0.676681 , 0.279627 , 0.720373
1668 , 0.3231 , 0.6769 , 0.279435 , 0.720565
1669 , 0.322869 , 0.677131 , 0.279232 , 0.720768
1670 , 0.322625 , 0.677375 , 0.279018 , 0.720982
1671 , 0.322368 , 0.677632 , 0.278793 , 0.721207
1672 , 0.322099 , 0.677901 , 0.278558 , 0.721442
1673 , 0.321818 , 0.678182 , 0.278311 , 0.721689
1674 , 0.321524 , 0.678476 , 0.278054 , 0.721946
1675 , 0.321217 , 0.678783 , 0.277786 , 0.722214
1676 , 0.320899 , 0.679101 , 0.277507 , 0.722493
1677 , 0.320567 , 0.679433 , 0.277217 , 0.722783
1678 , 0.320224 , 0.679776 , 0.276916 , 0.723084
1679 , 0.319868 , 0.680132 , 0.276605 , 0.723395
1680 , 0.319499 , 0.680501 , 0.276282 , 0.723718
1681 , 0.319118 , 0.680882 , 0.275949 , 0.724051
1682 , 0.318725 , 0.681275 , 0.275605 , 0.724395
1683 , 0.318319 , 0.681681 , 0.27525 , 0.72475
1684 , 0.317901 , 0.682099 , 0.274885 , 0.725115
1685 , 0.31747 , 0.68253 , 0.274509 , 0.725491
1686 , 0.317027 , 0.682973 , 0.274122 , 0.725878
1687 , 0.316572 , 0.683428 , 0.273724 , 0.726276
1688 , 0.316104 , 0.683896 , 0.273316 , 0.726684
1689 , 0.315624 , 0.684376 , 0.272897 , 0.727103
1690 , 0.315132 , 0.684868 , 0.272468 , 0.727532
1691 , 0.314628 , 0.685372 , 0.272027 , 0.727973
1692 , 0.314111 , 0.685889 , 0.271577 , 0.728423
1693 , 0.313581 , 0.686419 , 0.271115 , 0.728885
1694 , 0.31304 , 0.68696 , 0.270643 , 0.729357
1695 , 0.312486 , 0.687514 , 0.270161 , 0.729839
1696 , 0.31192 , 0.68808 , 0.269668 , 0.730332
1697 , 0.311342 , 0.688658 , 0.269164 , 0.730836
1698 , 0.310752 , 0.689248 , 0.26865 , 0.73135
1699 , 0.310149 , 0.689851 , 0.268126 , 0.731874
1700 , 0.309535 , 0.690465 , 0.267591 , 0.732409
1701 , 0.308908 , 0.691092 , 0.267045 , 0.732955
1702 , 0.308269 , 0.691731 , 0.26649 , 0.73351
1703 , 0.307618 , 0.692382 , 0.265924 , 0.734076
1704 , 0.306955 , 0.693045 , 0.265347 , 0.734653
1705 , 0.306279 , 0.693721 , 0.264761 , 0.735239
1706 , 0.305592 , 0.694408 , 0.264164 , 0.735836
1707 , 0.304893 , 0.695107 , 0.263557 , 0.736443
1708 , 0.304181 , 0.695819 , 0.26294 , 0.73706
1709 , 0.303458 , 0.696542 , 0.262312 , 0.737688
1710 , 0.302723 , 0.697277 , 0.261675 , 0.738325
1711 , 0.301975 , 0.698025 , 0.261027 , 0.738973
1712 , 0.301216 , 0.698784 , 0.260369 , 0.739631
1713 , 0.300445 , 0.699555 , 0.259701 , 0.740299
1714 , 0.299662 , 0.700338 , 0.259024 , 0.740976
1715 , 0.298868 , 0.701132 , 0.258336 , 0.741664
1716 , 0.298061 , 0.701939 , 0.257638 , 0.742362
1717 , 0.297243 , 0.702757 , 0.256931 , 0.743069
1718 , 0.296413 , 0.703587 , 0.256213 , 0.743787
1719 , 0.295571 , 0.704429 , 0.255486 , 0.744514
1720 , 0.294718 , 0.705282 , 0.254749 , 0.745251
1721 , 0.293853 , 0.706147 , 0.254003 , 0.745997
1722 , 0.292976 , 0.707024 , 0.253246 , 0.746754
1723 , 0.292088 , 0.707912 , 0.25248 , 0.74752
1724 , 0.291188 , 0.708812 , 0.251705 , 0.748295
1725 , 0.290277 , 0.709723 , 0.25092 , 0.74908
1726 , 0.289355 , 0.710645 , 0.250125 , 0.749875
1727 , 0.288421 , 0.711579 , 0.249321 , 0.750679
1728 , 0.287475 , 0.712525 , 0.248508 , 0.751492
1729 , 0.286518 , 0.713482 , 0.247685 , 0.752315
1730 , 0.28555 , 0.71445 , 0.246854 , 0.753146
1731 , 0.284571 , 0.715429 , 0.246012 , 0.753988
1732 , 0.283581 , 0.716419 , 0.245162 , 0.754838
1733 , 0.282579 , 0.717421 , 0.244303 , 0.755697
1734 , 0.281567 , 0.718433 , 0.243434 , 0.756566
1735 , 0.280543 , 0.719457 , 0.242556 , 0.757444
1736 , 0.279508 , 0.720492 , 0.24167 , 0.75833
1737 , 0.278463 , 0.721537 , 0.240775 , 0.759225
1738 , 0.277406 , 0.722594 , 0.23987 , 0.76013
1739 , 0.276339 , 0.723661 , 0.238957 , 0.761043
1740 , 0.275261 , 0.724739 , 0.238036 , 0.761964
1741 , 0.274172 , 0.725828 , 0.237106 , 0.762894
1742 , 0.273073 , 0.726927 , 0.236167 , 0.763833
1743 , 0.271963 , 0.728037 , 0.235219 , 0.764781
1744 , 0.270842 , 0.729158 , 0.234264 , 0.765736
1745 , 0.269712 , 0.730288 , 0.233299 , 0.766701
1746 , 0.26857 , 0.73143 , 0.232327 , 0.767673
1747 , 0.267419 , 0.732581 , 0.231346 , 0.768654
1748 , 0.266257 , 0.733743 , 0.230358 , 0.769642
1749 , 0.265085 , 0.734915 , 0.229361 , 0.770639
1750 , 0.263902 , 0.736098 , 0.228356 , 0.771644
1751 , 0.26271 , 0.73729 , 0.227343 , 0.772657
1752 , 0.261508 , 0.738492 , 0.226323 , 0.773677
1753 , 0.260296 , 0.739704 , 0.225295 , 0.774705
1754 , 0.259074 , 0.740926 , 0.224259 , 0.775741
1755 , 0.257843 , 0.742157 , 0.223215 , 0.776785
1756 , 0.256602 , 0.743398 , 0.222164 , 0.777836
1757 , 0.255351 , 0.744649 , 0.221106 , 0.778894
1758 , 0.254091 , 0.745909 , 0.22004 , 0.77996
1759 , 0.252822 , 0.747178 , 0.218968 , 0.781032
1760 , 0.251543 , 0.748457 , 0.217888 , 0.782112
1761 , 0.250255 , 0.749745 , 0.216801 , 0.783199
1762 , 0.248958 , 0.751042 , 0.215707 , 0.784293
1763 , 0.247652 , 0.752348 , 0.214606 , 0.785394
1764 , 0.246338 , 0.753662 , 0.213498 , 0.786502
1765 , 0.245014 , 0.754986 , 0.212384 , 0.787616
1766 , 0.243682 , 0.756318 , 0.211264 , 0.788736
1767 , 0.242341 , 0.757659 , 0.210137 , 0.789863
1768 , 0.240992 , 0.759008 , 0.209003 , 0.790997
1769 , 0.239634 , 0.760366 , 0.207864 , 0.792136
1770 , 0.238269 , 0.761731 , 0.206718 , 0.793282
1771 , 0.236895 , 0.763105 , 0.205566 , 0.794434
1772 , 0.235513 , 0.764487 , 0.204409 , 0.795591
1773 , 0.234123 , 0.765877 , 0.203245 , 0.796755
1774 , 0.232726 , 0.767274 , 0.202076 , 0.797924
1775 , 0.231321 , 0.768679 , 0.200902 , 0.799098
1776 , 0.229909 , 0.770091 , 0.199722 , 0.800278
1777 , 0.228489 , 0.771511 , 0.198537 , 0.801463
1778 , 0.227062 , 0.772938 , 0.197346 , 0.802654
1779 , 0.225628 , 0.774372 , 0.196151 , 0.803849
1780 , 0.224186 , 0.775814 , 0.194951 , 0.805049
1781 , 0.222739 , 0.777261 , 0.193746 , 0.806254
1782 , 0.221284 , 0.778716 , 0.192536 , 0.807464
1783 , 0.219823 , 0.780177 , 0.191322 , 0.808678
1784 , 0.218356 , 0.781644 , 0.190103 , 0.809897
1785 , 0.216882 , 0.783118 , 0.188881 , 0.811119
1786 , 0.215403 , 0.784597 , 0.187654 , 0.812346
1787 , 0.213917 , 0.786083 , 0.186423 , 0.813577
1788 , 0.212426 , 0.787574 , 0.185188 , 0.814812
1789 , 0.210929 , 0.789071 , 0.18395 , 0.81605
1790 , 0.209427 , 0.790573 , 0.182708 , 0.817292
1791 , 0.207919 , 0.792081 , 0.181463 , 0.818537
1792 , 0.206407 , 0.793593 , 0.180214 , 0.819786
1793 , 0.204889 , 0.795111 , 0.178963 , 0.821037
1794 , 0.203367 , 0.796633 , 0.177708 , 0.822292
1795 , 0.20184 , 0.79816 , 0.176451 , 0.823549
1796 , 0.200309 , 0.799691 , 0.175191 , 0.824809
1797 , 0.198774 , 0.801226 , 0.173929 , 0.826071
1798 , 0.197235 , 0.802765 , 0.172664 , 0.827336
1799 , 0.195692 , 0.804308 , 0.171397 , 0.828603
1800 , 0.194145 , 0.805855 , 0.170129 , 0.829871
1801 , 0.192595 , 0.807405 , 0.168858 , 0.831142
1802 , 0.191042 , 0.808958 , 0.167586 , 0.832414
1803 , 0.189486 , 0.810514 , 0.166312 , 0.833688
1804 , 0.187927 , 0.812073 , 0.165038 , 0.834962
1805 , 0.186365 , 0.813635 , 0.163762 , 0.836238
1806 , 0.184801 , 0.815199 , 0.162485 , 0.837515
1807 , 0.183235 , 0.816765 , 0.161207 , 0.838793
1808 , 0.181667 , 0.818333 , 0.159929 , 0.840071
1809 , 0.180097 , 0.819903 , 0.15865 , 0.84135
1810 , 0.178525 , 0.821475 , 0.157371 , 0.842629
1811 , 0.176953 , 0.823047 , 0.156092 , 0.843908
1812 , 0.175379 , 0.824621 , 0.154813 , 0.845187
1813 , 0.173804 , 0.826196 , 0.153534 , 0.846466
1814 , 0.172229 , 0.827771 , 0.152256 , 0.847744
1815 , 0.170653 , 0.829347 , 0.150979 , 0.849021
1816 , 0.169077 , 0.830923 , 0.149703 , 0.850297
1817 , 0.167502 , 0.832498 , 0.148427 , 0.851573
1818 , 0.165926 , 0.834074 , 0.147153 , 0.852847
1819 , 0.164352 , 0.835648 , 0.145881 , 0.854119
1820 , 0.162778 , 0.837222 , 0.14461 , 0.85539
1821 , 0.161205 , 0.838795 , 0.143341 , 0.856659
1822 , 0.159633 , 0.840367 , 0.142074 , 0.857926
1823 , 0.158064 , 0.841936 , 0.140809 , 0.859191
1824 , 0.156495 , 0.843505 , 0.139547 , 0.860453
1825 , 0.15493 , 0.84507 , 0.138288 , 0.861712
1826 , 0.153366 , 0.846634 , 0.137031 , 0.862969
1827 , 0.151805 , 0.848195 , 0.135778 , 0.864222
1828 , 0.150247 , 0.849753 , 0.134527 , 0.865473
1829 , 0.148692 , 0.851308 , 0.133281 , 0.866719
1830 , 0.147141 , 0.852859 , 0.132038 , 0.867962
1831 , 0.145593 , 0.854407 , 0.130799 , 0.869201
1832 , 0.144049 , 0.855951 , 0.129564 , 0.870436
1833 , 0.14251 , 0.85749 , 0.128333 , 0.871667
1834 , 0.140975 , 0.859025 , 0.127107 , 0.872893
1835 , 0.139444 , 0.860556 , 0.125886 , 0.874114
1836 , 0.137919 , 0.862081 , 0.12467 , 0.87533
1837 , 0.1364 , 0.8636 , 0.123459 , 0.876541
1838 , 0.134886 , 0.865114 , 0.122254 , 0.877746
1839 , 0.133378 , 0.866622 , 0.121054 , 0.878946
1840 , 0.131876 , 0.868124 , 0.11986 , 0.88014
1841 , 0.130381 , 0.869619 , 0.118672 , 0.881328
1842 , 0.128892 , 0.871108 , 0.11749 , 0.88251
1843 , 0.127411 , 0.872589 , 0.116315 , 0.883685
1844 , 0.125937 , 0.874063 , 0.115146 , 0.884854
1845 , 0.124471 , 0.875529 , 0.113985 , 0.886015
1846 , 0.123012 , 0.876988 , 0.112831 , 0.887169
1847 , 0.121562 , 0.878438 , 0.111684 , 0.888316
1848 , 0.120121 , 0.879879 , 0.110544 , 0.889456
1849 , 0.118688 , 0.881312 , 0.109413 , 0.890587
1850 , 0.117265 , 0.882735 , 0.108289 , 0.891711
1851 , 0.115851 , 0.884149 , 0.107174 , 0.892826
1852 , 0.114447 , 0.885553 , 0.106068 , 0.893932
1853 , 0.113053 , 0.886947 , 0.10497 , 0.89503
1854 , 0.11167 , 0.88833 , 0.103881 , 0.896119
1855 , 0.110297 , 0.889703 , 0.102801 , 0.897199
1856 , 0.108935 , 0.891065 , 0.10173 , 0.89827
1857 , 0.107584 , 0.892416 , 0.100669 , 0.899331
1858 , 0.106245 , 0.893755 , 0.0996181 , 0.900382
1859 , 0.104918 , 0.895082 , 0.098577 , 0.901423
1860 , 0.103603 , 0.896397 , 0.097546 , 0.902454
1861 , 0.1023 , 0.8977 , 0.0965255 , 0.903474
1862 , 0.101011 , 0.898989 , 0.0955157 , 0.904484
1863 , 0.0997338 , 0.900266 , 0.0945167 , 0.905483
1864 , 0.0984704 , 0.90153 , 0.0935287 , 0.906471
1865 , 0.0972206 , 0.902779 , 0.0925521 , 0.907448
1866 , 0.0959848 , 0.904015 , 0.0915869 , 0.908413
1867 , 0.0947632 , 0.905237 , 0.0906334 , 0.909367
1868 , 0.0935561 , 0.906444 , 0.0896919 , 0.910308
1869 , 0.0923639 , 0.907636 , 0.0887624 , 0.911238
1870 , 0.0911867 , 0.908813 , 0.0878452 , 0.912155
1871 , 0.0900249 , 0.909975 , 0.0869405 , 0.913059
1872 , 0.0888788 , 0.911121 , 0.0860485 , 0.913951
1873 , 0.0877486 , 0.912251 , 0.0851694 , 0.914831
1874 , 0.0866346 , 0.913365 , 0.0843034 , 0.915697
1875 , 0.0855371 , 0.914463 , 0.0834507 , 0.916549
1876 , 0.0844564 , 0.915544 , 0.0826115 , 0.917389
1877 , 0.0833927 , 0.916607 , 0.0817859 , 0.918214
1878 , 0.0823463 , 0.917654 , 0.0809742 , 0.919026
1879 , 0.0813174 , 0.918683 , 0.0801765 , 0.919824
1880 , 0.0803064 , 0.919694 , 0.079393 , 0.920607
1881 , 0.0793135 , 0.920687 , 0.0786239 , 0.921376
1882 , 0.0783389 , 0.921661 , 0.0778694 , 0.922131
1883 , 0.0773829 , 0.922617 , 0.0771296 , 0.92287
1884 , 0.0764457 , 0.923554 , 0.0764048 , 0.923595
1885 , 0.0755276 , 0.924472 , 0.075695 , 0.924305
1886 , 0.0746289 , 0.925371 , 0.0750004 , 0.925
1887 , 0.0737496 , 0.92625 , 0.0743213 , 0.925679
1888 , 0.0728902 , 0.92711 , 0.0736577 , 0.926342
1889 , 0.0720508 , 0.927949 , 0.0730099 , 0.92699
1890 , 0.0712316 , 0.928768 , 0.0723779 , 0.927622
1891 , 0.0704329 , 0.929567 , 0.0717619 , 0.928238
1892 , 0.0696548 , 0.930345 , 0.0711622 , 0.928838
1893 , 0.0688976 , 0.931102 , 0.0705787 , 0.929421
1894 , 0.0681615 , 0.931838 , 0.0700117 , 0.929988
1895 , 0.0674467 , 0.932553 , 0.0694613 , 0.930539
1896 , 0.0667534 , 0.933247 , 0.0689276 , 0.931072
1897 , 0.0660817 , 0.933918 , 0.0684107 , 0.931589
1898 , 0.0654318 , 0.934568 , 0.0679108 , 0.932089
1899 , 0.064804 , 0.935196 , 0.067428 , 0.932572
1900 , 0.0641984 , 0.935802 , 0.0669624 , 0.933038
1901 , 0.0636152 , 0.936385 , 0.0665142 , 0.933486
1902 , 0.0630544 , 0.936946 , 0.0660834 , 0.933917
1903 , 0.0625164 , 0.937484 , 0.0656701 , 0.93433
1904 , 0.0620012 , 0.937999 , 0.0652744 , 0.934726
1905 , 0.061509 , 0.938491 , 0.0648965 , 0.935103
1906 , 0.0610399 , 0.93896 , 0.0645365 , 0.935464
1907 , 0.060594 , 0.939406 , 0.0641943 , 0.935806
1908 , 0.0601715 , 0.939829 , 0.0638702 , 0.93613
1909 , 0.0597725 , 0.940228 , 0.0635641 , 0.936436
1910 , 0.0593971 , 0.940603 , 0.0632762 , 0.936724
1911 , 0.0590454 , 0.940955 , 0.0630065 , 0.936994
1912 , 0.0587175 , 0.941283 , 0.0627551 , 0.937245
1913 , 0.0584135 , 0.941587 , 0.0625221 , 0.937478
1914 , 0.0581334 , 0.941867 , 0.0623075 , 0.937693
1915 , 0.0578775 , 0.942123 , 0.0621113 , 0.937889
1916 , 0.0576457 , 0.942354 , 0.0619337 , 0.938066
1917 , 0.0574381 , 0.942562 , 0.0617746 , 0.938225
1918 , 0.0572547 , 0.942745 , 0.0616342 , 0.938366
1919 , 0.0570957 , 0.942904 , 0.0615124 , 0.938488
1920 , 0.056961 , 0.943039 , 0.0614092 , 0.938591
1921 , 0.0568508 , 0.943149 , 0.0613248 , 0.938675
1922 , 0.0567649 , 0.943235 , 0.061259 , 0.938741
1923 , 0.0567036 , 0.943296 , 0.061212 , 0.938788
1924 , 0.0566667 , 0.943333 , 0.0611837 , 0.938816
1925 , 0.0566542 , 0.943346 , 0.0611742 , 0.938826
1926 , 0.0566663 , 0.943334 , 0.0611835 , 0.938817
1927 , 0.0567029 , 0.943297 , 0.0612115 , 0.938789
1928 , 0.0567639 , 0.943236 , 0.0612582 , 0.938742
1929 , 0.0568494 , 0.943151 , 0.0613237 , 0.938676
1930 , 0.0569593 , 0.943041 , 0.0614079 , 0.938592
1931 , 0.0570936 , 0.942906 , 0.0615107 , 0.938489
1932 , 0.0572523 , 0.942748 , 0.0616323 , 0.938368
1933 , 0.0574352 , 0.942565 , 0.0617725 , 0.938228
1934 , 0.0576425 , 0.942358 , 0.0619313 , 0.938069
1935 , 0.057874 , 0.942126 , 0.0621086 , 0.937891
1936 , 0.0581296 , 0.94187 , 0.0623045 , 0.937696
1937 , 0.0584092 , 0.941591 , 0.0625188 , 0.937481
1938 , 0.0587129 , 0.941287 , 0.0627516 , 0.937248
1939 , 0.0590404 , 0.94096 , 0.0630027 , 0.936997
1940 , 0.0593918 , 0.940608 , 0.0632721 , 0.936728
1941 , 0.0597669 , 0.940233 , 0.0635598 , 0.93644
1942 , 0.0601655 , 0.939834 , 0.0638656 , 0.936134
1943 , 0.0605877 , 0.939412 , 0.0641895 , 0.935811
1944 , 0.0610332 , 0.938967 , 0.0645314 , 0.935469
1945 , 0.061502 , 0.938498 , 0.0648912 , 0.935109
1946 , 0.0619939 , 0.938006 , 0.0652688 , 0.934731
1947 , 0.0625088 , 0.937491 , 0.0656642 , 0.934336
1948 , 0.0630465 , 0.936954 , 0.0660772 , 0.933923
1949 , 0.0636069 , 0.936393 , 0.0665078 , 0.933492
1950 , 0.0641898 , 0.93581 , 0.0669558 , 0.933044
1951 , 0.0647951 , 0.935205 , 0.0674211 , 0.932579
1952 , 0.0654226 , 0.934577 , 0.0679037 , 0.932096
1953 , 0.0660721 , 0.933928 , 0.0684033 , 0.931597
1954 , 0.0667435 , 0.933257 , 0.0689199 , 0.93108
1955 , 0.0674365 , 0.932564 , 0.0694534 , 0.930547
1956 , 0.068151 , 0.931849 , 0.0700036 , 0.929996
1957 , 0.0688868 , 0.931113 , 0.0705704 , 0.92943
1958 , 0.0696437 , 0.930356 , 0.0711536 , 0.928846
1959 , 0.0704214 , 0.929579 , 0.0717531 , 0.928247
1960 , 0.0712199 , 0.92878 , 0.0723688 , 0.927631
1961 , 0.0720388 , 0.927961 , 0.0730006 , 0.926999
1962 , 0.0728779 , 0.927122 , 0.0736482 , 0.926352
1963 , 0.073737 , 0.926263 , 0.0743115 , 0.925688
1964 , 0.074616 , 0.925384 , 0.0749905 , 0.92501
1965 , 0.0755145 , 0.924486 , 0.0756848 , 0.924315
1966 , 0.0764323 , 0.923568 , 0.0763943 , 0.923606
1967 , 0.0773692 , 0.922631 , 0.077119 , 0.922881
1968 , 0.0783249 , 0.921675 , 0.0778586 , 0.922141
1969 , 0.0792992 , 0.920701 , 0.0786129 , 0.921387
1970 , 0.0802919 , 0.919708 , 0.0793818 , 0.920618
1971 , 0.0813026 , 0.918697 , 0.080165 , 0.919835
1972 , 0.0823312 , 0.917669 , 0.0809625 , 0.919037
1973 , 0.0833774 , 0.916623 , 0.081774 , 0.918226
1974 , 0.0844408 , 0.915559 , 0.0825994 , 0.917401
1975 , 0.0855213 , 0.914479 , 0.0834385 , 0.916562
1976 , 0.0866185 , 0.913381 , 0.084291 , 0.915709
1977 , 0.0877323 , 0.912268 , 0.0851568 , 0.914843
1978 , 0.0888623 , 0.911138 , 0.0860357 , 0.913964
1979 , 0.0900082 , 0.909992 , 0.0869275 , 0.913073
1980 , 0.0911697 , 0.90883 , 0.087832 , 0.912168
1981 , 0.0923467 , 0.907653 , 0.088749 , 0.911251
1982 , 0.0935387 , 0.906461 , 0.0896783 , 0.910322
1983 , 0.0947456 , 0.905254 , 0.0906197 , 0.90938
1984 , 0.095967 , 0.904033 , 0.091573 , 0.908427
1985 , 0.0972026 , 0.902797 , 0.092538 , 0.907462
1986 , 0.0984521 , 0.901548 , 0.0935145 , 0.906486
1987 , 0.0997153 , 0.900285 , 0.0945023 , 0.905498
1988 , 0.100992 , 0.899008 , 0.0955011 , 0.904499
1989 , 0.102282 , 0.897718 , 0.0965108 , 0.903489
1990 , 0.103584 , 0.896416 , 0.0975312 , 0.902469
1991 , 0.104899 , 0.895101 , 0.098562 , 0.901438
1992 , 0.106226 , 0.893774 , 0.099603 , 0.900397
1993 , 0.107565 , 0.892435 , 0.100654 , 0.899346
1994 , 0.108915 , 0.891085 , 0.101715 , 0.898285
1995 , 0.110277 , 0.889723 , 0.102785 , 0.897215
1996 , 0.11165 , 0.88835 , 0.103865 , 0.896135
1997 , 0.113033 , 0.886967 , 0.104954 , 0.895046
1998 , 0.114427 , 0.885573 , 0.106052 , 0.893948
1999 , 0.115831 , 0.884169 , 0.107158 , 0.892842
