n1, 1, n2, 1.5, n1 / n2, 0.666667
Critical Angle (rad), 1.5708 , 0
Brewster Angle (rad), 0.982794 , 0
angle (rad), r_{TE}, t_{TE}, r_{TM}, t_{TM}
0 , 0 , 0 , 0 , 0
0.00785398 , 0 , 0 , 0 , 0
0.015708 , 0 , 0 , 0 , 0
0.0235619 , 0 , 0 , 0 , 0
0.0314159 , 0 , 0 , 0 , 0
0.0392699 , 0 , 0 , 0 , 0
0.0471239 , 0 , 0 , 0 , 0
0.0549779 , 0 , 0 , 0 , 0
0.0628319 , 0 , 0 , 0 , 0
0.0706858 , 0 , 0 , 0 , 0
0.0785398 , 0 , 0 , 0 , 0
0.0863938 , 0 , 0 , 0 , 0
0.0942478 , 0 , 0 , 0 , 0
0.102102 , 0 , 0 , 0 , 0
0.109956 , 0 , 0 , 0 , 0
0.11781 , 0 , 0 , 0 , 0
0.125664 , 0 , 0 , 0 , 0
0.133518 , 0 , 0 , 0 , 0
0.141372 , 0 , 0 , 0 , 0
0.149226 , 0 , 0 , 0 , 0
0.15708 , 0 , 0 , 0 , 0
0.164934 , 0 , 0 , 0 , 0
0.172788 , 0 , 0 , 0 , 0
0.180642 , 0 , 0 , 0 , 0
0.188496 , 0 , 0 , 0 , 0
0.19635 , 0 , 0 , 0 , 0
0.204204 , 0 , 0 , 0 , 0
0.212058 , 0 , 0 , 0 , 0
0.219911 , 0 , 0 , 0 , 0
0.227765 , 0 , 0 , 0 , 0
0.235619 , 0 , 0 , 0 , 0
0.243473 , 0 , 0 , 0 , 0
0.251327 , 0 , 0 , 0 , 0
0.259181 , 0 , 0 , 0 , 0
0.267035 , 0 , 0 , 0 , 0
0.274889 , 0 , 0 , 0 , 0
0.282743 , 0 , 0 , 0 , 0
0.290597 , 0 , 0 , 0 , 0
0.298451 , 0 , 0 , 0 , 0
0.306305 , 0 , 0 , 0 , 0
0.314159 , 0 , 0 , 0 , 0
0.322013 , 0 , 0 , 0 , 0
0.329867 , 0 , 0 , 0 , 0
0.337721 , 0 , 0 , 0 , 0
0.345575 , 0 , 0 , 0 , 0
0.353429 , 0 , 0 , 0 , 0
0.361283 , 0 , 0 , 0 , 0
0.369137 , 0 , 0 , 0 , 0
0.376991 , 0 , 0 , 0 , 0
0.384845 , 0 , 0 , 0 , 0
0.392699 , 0 , 0 , 0 , 0
0.400553 , 0 , 0 , 0 , 0
0.408407 , 0 , 0 , 0 , 0
0.416261 , 0 , 0 , 0 , 0
0.424115 , 0 , 0 , 0 , 0
0.431969 , 0 , 0 , 0 , 0
0.439823 , 0 , 0 , 0 , 0
0.447677 , 0 , 0 , 0 , 0
0.455531 , 0 , 0 , 0 , 0
0.463385 , 0 , 0 , 0 , 0
0.471239 , 0 , 0 , 0 , 0
0.479093 , 0 , 0 , 0 , 0
0.486947 , 0 , 0 , 0 , 0
0.494801 , 0 , 0 , 0 , 0
0.502655 , 0 , 0 , 0 , 0
0.510509 , 0 , 0 , 0 , 0
0.518363 , 0 , 0 , 0 , 0
0.526217 , 0 , 0 , 0 , 0
0.534071 , 0 , 0 , 0 , 0
0.541925 , 0 , 0 , 0 , 0
0.549779 , 0 , 0 , 0 , 0
0.557633 , 0 , 0 , 0 , 0
0.565487 , 0 , 0 , 0 , 0
0.573341 , 0 , 0 , 0 , 0
0.581195 , 0 , 0 , 0 , 0
0.589049 , 0 , 0 , 0 , 0
0.596903 , 0 , 0 , 0 , 0
0.604757 , 0 , 0 , 0 , 0
0.612611 , 0 , 0 , 0 , 0
0.620465 , 0 , 0 , 0 , 0
0.628319 , 0 , 0 , 0 , 0
0.636173 , 0 , 0 , 0 , 0
0.644026 , 0 , 0 , 0 , 0
0.65188 , 0 , 0 , 0 , 0
0.659734 , 0 , 0 , 0 , 0
0.667588 , 0 , 0 , 0 , 0
0.675442 , 0 , 0 , 0 , 0
0.683296 , 0 , 0 , 0 , 0
0.69115 , 0 , 0 , 0 , 0
0.699004 , 0 , 0 , 0 , 0
0.706858 , 0 , 0 , 0 , 0
0.714712 , 0 , 0 , 0 , 0
0.722566 , 0 , 0 , 0 , 0
0.73042 , 0 , 0 , 0 , 0
0.738274 , 0 , 0 , 0 , 0
0.746128 , 0 , 0 , 0 , 0
0.753982 , 0 , 0 , 0 , 0
0.761836 , 0 , 0 , 0 , 0
0.76969 , 0 , 0 , 0 , 0
0.777544 , 0 , 0 , 0 , 0
0.785398 , 0 , 0 , 0 , 0
0.793252 , 0 , 0 , 0 , 0
0.801106 , 0 , 0 , 0 , 0
0.80896 , 0 , 0 , 0 , 0
0.816814 , 0 , 0 , 0 , 0
0.824668 , 0 , 0 , 0 , 0
0.832522 , 0 , 0 , 0 , 0
0.840376 , 0 , 0 , 0 , 0
0.84823 , 0 , 0 , 0 , 0
0.856084 , 0 , 0 , 0 , 0
0.863938 , 0 , 0 , 0 , 0
0.871792 , 0 , 0 , 0 , 0
0.879646 , 0 , 0 , 0 , 0
0.8875 , 0 , 0 , 0 , 0
0.895354 , 0 , 0 , 0 , 0
0.903208 , 0 , 0 , 0 , 0
0.911062 , 0 , 0 , 0 , 0
0.918916 , 0 , 0 , 0 , 0
0.92677 , 0 , 0 , 0 , 0
0.934624 , 0 , 0 , 0 , 0
0.942478 , 0 , 0 , 0 , 0
0.950332 , 0 , 0 , 0 , 0
0.958186 , 0 , 0 , 0 , 0
0.96604 , 0 , 0 , 0 , 0
0.973894 , 0 , 0 , 0 , 0
0.981748 , 0 , 0 , 0 , 0
0.989602 , 0 , 0 , 0 , 0
0.997456 , 0 , 0 , 0 , 0
1.00531 , 0 , 0 , 0 , 0
1.01316 , 0 , 0 , 0 , 0
1.02102 , 0 , 0 , 0 , 0
1.02887 , 0 , 0 , 0 , 0
1.03673 , 0 , 0 , 0 , 0
1.04458 , 0 , 0 , 0 , 0
1.05243 , 0 , 0 , 0 , 0
1.06029 , 0 , 0 , 0 , 0
1.06814 , 0 , 0 , 0 , 0
1.076 , 0 , 0 , 0 , 0
1.08385 , 0 , 0 , 0 , 0
1.0917 , 0 , 0 , 0 , 0
1.09956 , 0 , 0 , 0 , 0
1.10741 , 0 , 0 , 0 , 0
1.11527 , 0 , 0 , 0 , 0
1.12312 , 0 , 0 , 0 , 0
1.13097 , 0 , 0 , 0 , 0
1.13883 , 0 , 0 , 0 , 0
1.14668 , 0 , 0 , 0 , 0
1.15454 , 0 , 0 , 0 , 0
1.16239 , 0 , 0 , 0 , 0
1.17024 , 0 , 0 , 0 , 0
1.1781 , 0 , 0 , 0 , 0
1.18595 , 0 , 0 , 0 , 0
1.19381 , 0 , 0 , 0 , 0
1.20166 , 0 , 0 , 0 , 0
1.20951 , 0 , 0 , 0 , 0
1.21737 , 0 , 0 , 0 , 0
1.22522 , 0 , 0 , 0 , 0
1.23308 , 0 , 0 , 0 , 0
1.24093 , 0 , 0 , 0 , 0
1.24878 , 0 , 0 , 0 , 0
1.25664 , 0 , 0 , 0 , 0
1.26449 , 0 , 0 , 0 , 0
1.27235 , 0 , 0 , 0 , 0
1.2802 , 0 , 0 , 0 , 0
1.28805 , 0 , 0 , 0 , 0
1.29591 , 0 , 0 , 0 , 0
1.30376 , 0 , 0 , 0 , 0
1.31161 , 0 , 0 , 0 , 0
1.31947 , 0 , 0 , 0 , 0
1.32732 , 0 , 0 , 0 , 0
1.33518 , 0 , 0 , 0 , 0
1.34303 , 0 , 0 , 0 , 0
1.35088 , 0 , 0 , 0 , 0
1.35874 , 0 , 0 , 0 , 0
1.36659 , 0 , 0 , 0 , 0
1.37445 , 0 , 0 , 0 , 0
1.3823 , 0 , 0 , 0 , 0
1.39015 , 0 , 0 , 0 , 0
1.39801 , 0 , 0 , 0 , 0
1.40586 , 0 , 0 , 0 , 0
1.41372 , 0 , 0 , 0 , 0
1.42157 , 0 , 0 , 0 , 0
1.42942 , 0 , 0 , 0 , 0
1.43728 , 0 , 0 , 0 , 0
1.44513 , 0 , 0 , 0 , 0
1.45299 , 0 , 0 , 0 , 0
1.46084 , 0 , 0 , 0 , 0
1.46869 , 0 , 0 , 0 , 0
1.47655 , 0 , 0 , 0 , 0
1.4844 , 0 , 0 , 0 , 0
1.49226 , 0 , 0 , 0 , 0
1.50011 , 0 , 0 , 0 , 0
1.50796 , 0 , 0 , 0 , 0
1.51582 , 0 , 0 , 0 , 0
1.52367 , 0 , 0 , 0 , 0
1.53153 , 0 , 0 , 0 , 0
1.53938 , 0 , 0 , 0 , 0
1.54723 , 0 , 0 , 0 , 0
1.55509 , 0 , 0 , 0 , 0
1.56294 , 0 , 0 , 0 , 0
1.5708 , 0 , 0 , 0 , 0
1.57865 , 0 , 0 , 0 , 0
