1450 , 0.999986 , 1.41779e-05
1450.1 , 0.999986 , 1.41978e-05
1450.2 , 0.999986 , 1.42178e-05
1450.3 , 0.999986 , 1.42378e-05
1450.4 , 0.999986 , 1.42579e-05
1450.5 , 0.999986 , 1.42781e-05
1450.6 , 0.999986 , 1.42983e-05
1450.7 , 0.999986 , 1.43186e-05
1450.8 , 0.999986 , 1.4339e-05
1450.9 , 0.999986 , 1.43595e-05
1451 , 0.999986 , 1.438e-05
1451.1 , 0.999986 , 1.44006e-05
1451.2 , 0.999986 , 1.44213e-05
1451.3 , 0.999986 , 1.44421e-05
1451.4 , 0.999986 , 1.44629e-05
1451.5 , 0.999986 , 1.44838e-05
1451.6 , 0.999985 , 1.45047e-05
1451.7 , 0.999985 , 1.45258e-05
1451.8 , 0.999985 , 1.45469e-05
1451.9 , 0.999985 , 1.45681e-05
1452 , 0.999985 , 1.45894e-05
1452.1 , 0.999985 , 1.46107e-05
1452.2 , 0.999985 , 1.46321e-05
1452.3 , 0.999985 , 1.46536e-05
1452.4 , 0.999985 , 1.46752e-05
1452.5 , 0.999985 , 1.46968e-05
1452.6 , 0.999985 , 1.47186e-05
1452.7 , 0.999985 , 1.47404e-05
1452.8 , 0.999985 , 1.47622e-05
1452.9 , 0.999985 , 1.47842e-05
1453 , 0.999985 , 1.48062e-05
1453.1 , 0.999985 , 1.48283e-05
1453.2 , 0.999985 , 1.48505e-05
1453.3 , 0.999985 , 1.48728e-05
1453.4 , 0.999985 , 1.48951e-05
1453.5 , 0.999985 , 1.49176e-05
1453.6 , 0.999985 , 1.49401e-05
1453.7 , 0.999985 , 1.49626e-05
1453.8 , 0.999985 , 1.49853e-05
1453.9 , 0.999985 , 1.50081e-05
1454 , 0.999985 , 1.50309e-05
1454.1 , 0.999985 , 1.50538e-05
1454.2 , 0.999985 , 1.50768e-05
1454.3 , 0.999985 , 1.50999e-05
1454.4 , 0.999985 , 1.5123e-05
1454.5 , 0.999985 , 1.51462e-05
1454.6 , 0.999985 , 1.51696e-05
1454.7 , 0.999985 , 1.5193e-05
1454.8 , 0.999985 , 1.52165e-05
1454.9 , 0.999985 , 1.524e-05
1455 , 0.999985 , 1.52637e-05
1455.1 , 0.999985 , 1.52874e-05
1455.2 , 0.999985 , 1.53112e-05
1455.3 , 0.999985 , 1.53351e-05
1455.4 , 0.999985 , 1.53591e-05
1455.5 , 0.999985 , 1.53832e-05
1455.6 , 0.999985 , 1.54074e-05
1455.7 , 0.999985 , 1.54316e-05
1455.8 , 0.999985 , 1.5456e-05
1455.9 , 0.999985 , 1.54804e-05
1456 , 0.999984 , 1.55049e-05
1456.1 , 0.999984 , 1.55295e-05
1456.2 , 0.999984 , 1.55542e-05
1456.3 , 0.999984 , 1.5579e-05
1456.4 , 0.999984 , 1.56039e-05
1456.5 , 0.999984 , 1.56288e-05
1456.6 , 0.999984 , 1.56539e-05
1456.7 , 0.999984 , 1.5679e-05
1456.8 , 0.999984 , 1.57042e-05
1456.9 , 0.999984 , 1.57296e-05
1457 , 0.999984 , 1.5755e-05
1457.1 , 0.999984 , 1.57805e-05
1457.2 , 0.999984 , 1.58061e-05
1457.3 , 0.999984 , 1.58318e-05
1457.4 , 0.999984 , 1.58575e-05
1457.5 , 0.999984 , 1.58834e-05
1457.6 , 0.999984 , 1.59094e-05
1457.7 , 0.999984 , 1.59355e-05
1457.8 , 0.999984 , 1.59616e-05
1457.9 , 0.999984 , 1.59879e-05
1458 , 0.999984 , 1.60142e-05
1458.1 , 0.999984 , 1.60407e-05
1458.2 , 0.999984 , 1.60672e-05
1458.3 , 0.999984 , 1.60938e-05
1458.4 , 0.999984 , 1.61206e-05
1458.5 , 0.999984 , 1.61474e-05
1458.6 , 0.999984 , 1.61743e-05
1458.7 , 0.999984 , 1.62014e-05
1458.8 , 0.999984 , 1.62285e-05
1458.9 , 0.999984 , 1.62557e-05
1459 , 0.999984 , 1.6283e-05
1459.1 , 0.999984 , 1.63105e-05
1459.2 , 0.999984 , 1.6338e-05
1459.3 , 0.999984 , 1.63656e-05
1459.4 , 0.999984 , 1.63933e-05
1459.5 , 0.999984 , 1.64212e-05
1459.6 , 0.999984 , 1.64491e-05
1459.7 , 0.999984 , 1.64771e-05
1459.8 , 0.999983 , 1.65053e-05
1459.9 , 0.999983 , 1.65335e-05
1460.01 , 0.999983 , 1.65618e-05
1460.11 , 0.999983 , 1.65903e-05
1460.21 , 0.999983 , 1.66188e-05
1460.31 , 0.999983 , 1.66475e-05
1460.41 , 0.999983 , 1.66763e-05
1460.51 , 0.999983 , 1.67051e-05
1460.61 , 0.999983 , 1.67341e-05
1460.71 , 0.999983 , 1.67632e-05
1460.81 , 0.999983 , 1.67924e-05
1460.91 , 0.999983 , 1.68217e-05
1461.01 , 0.999983 , 1.68511e-05
1461.11 , 0.999983 , 1.68806e-05
1461.21 , 0.999983 , 1.69102e-05
1461.31 , 0.999983 , 1.694e-05
1461.41 , 0.999983 , 1.69698e-05
1461.51 , 0.999983 , 1.69998e-05
1461.61 , 0.999983 , 1.70298e-05
1461.71 , 0.999983 , 1.706e-05
1461.81 , 0.999983 , 1.70903e-05
1461.91 , 0.999983 , 1.71207e-05
1462.01 , 0.999983 , 1.71512e-05
1462.11 , 0.999983 , 1.71818e-05
1462.21 , 0.999983 , 1.72126e-05
1462.31 , 0.999983 , 1.72434e-05
1462.41 , 0.999983 , 1.72744e-05
1462.51 , 0.999983 , 1.73055e-05
1462.61 , 0.999983 , 1.73367e-05
1462.71 , 0.999983 , 1.73681e-05
1462.81 , 0.999983 , 1.73995e-05
1462.91 , 0.999983 , 1.74311e-05
1463.01 , 0.999983 , 1.74627e-05
1463.11 , 0.999983 , 1.74945e-05
1463.21 , 0.999982 , 1.75265e-05
1463.31 , 0.999982 , 1.75585e-05
1463.41 , 0.999982 , 1.75906e-05
1463.51 , 0.999982 , 1.76229e-05
1463.61 , 0.999982 , 1.76553e-05
1463.71 , 0.999982 , 1.76879e-05
1463.81 , 0.999982 , 1.77205e-05
1463.91 , 0.999982 , 1.77533e-05
1464.01 , 0.999982 , 1.77862e-05
1464.11 , 0.999982 , 1.78192e-05
1464.21 , 0.999982 , 1.78523e-05
1464.31 , 0.999982 , 1.78856e-05
1464.41 , 0.999982 , 1.7919e-05
1464.51 , 0.999982 , 1.79525e-05
1464.61 , 0.999982 , 1.79862e-05
1464.71 , 0.999982 , 1.802e-05
1464.81 , 0.999982 , 1.80539e-05
1464.91 , 0.999982 , 1.80879e-05
1465.01 , 0.999982 , 1.81221e-05
1465.11 , 0.999982 , 1.81564e-05
1465.21 , 0.999982 , 1.81908e-05
1465.31 , 0.999982 , 1.82254e-05
1465.41 , 0.999982 , 1.82601e-05
1465.51 , 0.999982 , 1.82949e-05
1465.61 , 0.999982 , 1.83298e-05
1465.71 , 0.999982 , 1.83649e-05
1465.81 , 0.999982 , 1.84002e-05
1465.91 , 0.999982 , 1.84355e-05
1466.01 , 0.999982 , 1.8471e-05
1466.11 , 0.999981 , 1.85067e-05
1466.21 , 0.999981 , 1.85424e-05
1466.31 , 0.999981 , 1.85783e-05
1466.41 , 0.999981 , 1.86144e-05
1466.51 , 0.999981 , 1.86506e-05
1466.61 , 0.999981 , 1.86869e-05
1466.71 , 0.999981 , 1.87234e-05
1466.81 , 0.999981 , 1.876e-05
1466.91 , 0.999981 , 1.87968e-05
1467.01 , 0.999981 , 1.88336e-05
1467.11 , 0.999981 , 1.88707e-05
1467.21 , 0.999981 , 1.89079e-05
1467.31 , 0.999981 , 1.89452e-05
1467.41 , 0.999981 , 1.89827e-05
1467.51 , 0.999981 , 1.90203e-05
1467.61 , 0.999981 , 1.90581e-05
1467.71 , 0.999981 , 1.9096e-05
1467.81 , 0.999981 , 1.9134e-05
1467.91 , 0.999981 , 1.91723e-05
1468.01 , 0.999981 , 1.92106e-05
1468.11 , 0.999981 , 1.92491e-05
1468.21 , 0.999981 , 1.92878e-05
1468.31 , 0.999981 , 1.93266e-05
1468.41 , 0.999981 , 1.93656e-05
1468.51 , 0.999981 , 1.94047e-05
1468.61 , 0.999981 , 1.9444e-05
1468.71 , 0.999981 , 1.94834e-05
1468.81 , 0.99998 , 1.9523e-05
1468.91 , 0.99998 , 1.95627e-05
1469.01 , 0.99998 , 1.96026e-05
1469.11 , 0.99998 , 1.96427e-05
1469.21 , 0.99998 , 1.96829e-05
1469.31 , 0.99998 , 1.97233e-05
1469.41 , 0.99998 , 1.97638e-05
1469.51 , 0.99998 , 1.98045e-05
1469.61 , 0.99998 , 1.98454e-05
1469.71 , 0.99998 , 1.98864e-05
1469.81 , 0.99998 , 1.99276e-05
1469.91 , 0.99998 , 1.99689e-05
1470.01 , 0.99998 , 2.00104e-05
1470.11 , 0.99998 , 2.00521e-05
1470.21 , 0.99998 , 2.00939e-05
1470.31 , 0.99998 , 2.0136e-05
1470.41 , 0.99998 , 2.01781e-05
1470.51 , 0.99998 , 2.02205e-05
1470.61 , 0.99998 , 2.0263e-05
1470.71 , 0.99998 , 2.03057e-05
1470.81 , 0.99998 , 2.03486e-05
1470.91 , 0.99998 , 2.03916e-05
1471.01 , 0.99998 , 2.04348e-05
1471.11 , 0.99998 , 2.04782e-05
1471.21 , 0.999979 , 2.05217e-05
1471.31 , 0.999979 , 2.05655e-05
1471.41 , 0.999979 , 2.06094e-05
1471.51 , 0.999979 , 2.06535e-05
1471.61 , 0.999979 , 2.06977e-05
1471.71 , 0.999979 , 2.07422e-05
1471.81 , 0.999979 , 2.07868e-05
1471.91 , 0.999979 , 2.08316e-05
1472.01 , 0.999979 , 2.08766e-05
1472.11 , 0.999979 , 2.09218e-05
1472.21 , 0.999979 , 2.09672e-05
1472.31 , 0.999979 , 2.10127e-05
1472.41 , 0.999979 , 2.10584e-05
1472.51 , 0.999979 , 2.11043e-05
1472.61 , 0.999979 , 2.11505e-05
1472.71 , 0.999979 , 2.11967e-05
1472.81 , 0.999979 , 2.12432e-05
1472.91 , 0.999979 , 2.12899e-05
1473.01 , 0.999979 , 2.13368e-05
1473.11 , 0.999979 , 2.13838e-05
1473.21 , 0.999979 , 2.14311e-05
1473.31 , 0.999979 , 2.14785e-05
1473.41 , 0.999978 , 2.15262e-05
1473.51 , 0.999978 , 2.1574e-05
1473.61 , 0.999978 , 2.16221e-05
1473.71 , 0.999978 , 2.16703e-05
1473.81 , 0.999978 , 2.17188e-05
1473.91 , 0.999978 , 2.17674e-05
1474.01 , 0.999978 , 2.18162e-05
1474.11 , 0.999978 , 2.18653e-05
1474.21 , 0.999978 , 2.19145e-05
1474.31 , 0.999978 , 2.1964e-05
1474.41 , 0.999978 , 2.20137e-05
1474.51 , 0.999978 , 2.20635e-05
1474.61 , 0.999978 , 2.21136e-05
1474.71 , 0.999978 , 2.21639e-05
1474.81 , 0.999978 , 2.22144e-05
1474.91 , 0.999978 , 2.22651e-05
1475.01 , 0.999978 , 2.23161e-05
1475.11 , 0.999978 , 2.23672e-05
1475.21 , 0.999978 , 2.24185e-05
1475.31 , 0.999978 , 2.24701e-05
1475.41 , 0.999977 , 2.25219e-05
1475.51 , 0.999977 , 2.25739e-05
1475.61 , 0.999977 , 2.26262e-05
1475.71 , 0.999977 , 2.26786e-05
1475.81 , 0.999977 , 2.27313e-05
1475.91 , 0.999977 , 2.27842e-05
1476.01 , 0.999977 , 2.28373e-05
1476.11 , 0.999977 , 2.28906e-05
1476.21 , 0.999977 , 2.29442e-05
1476.31 , 0.999977 , 2.2998e-05
1476.41 , 0.999977 , 2.30521e-05
1476.51 , 0.999977 , 2.31063e-05
1476.61 , 0.999977 , 2.31608e-05
1476.71 , 0.999977 , 2.32156e-05
1476.81 , 0.999977 , 2.32705e-05
1476.91 , 0.999977 , 2.33257e-05
1477.01 , 0.999977 , 2.33812e-05
1477.11 , 0.999977 , 2.34368e-05
1477.21 , 0.999977 , 2.34928e-05
1477.31 , 0.999976 , 2.35489e-05
1477.41 , 0.999976 , 2.36053e-05
1477.51 , 0.999976 , 2.3662e-05
1477.61 , 0.999976 , 2.37189e-05
1477.71 , 0.999976 , 2.3776e-05
1477.81 , 0.999976 , 2.38334e-05
1477.91 , 0.999976 , 2.3891e-05
1478.01 , 0.999976 , 2.39489e-05
1478.11 , 0.999976 , 2.4007e-05
1478.21 , 0.999976 , 2.40654e-05
1478.31 , 0.999976 , 2.41241e-05
1478.41 , 0.999976 , 2.4183e-05
1478.51 , 0.999976 , 2.42421e-05
1478.61 , 0.999976 , 2.43016e-05
1478.71 , 0.999976 , 2.43613e-05
1478.81 , 0.999976 , 2.44212e-05
1478.91 , 0.999976 , 2.44814e-05
1479.01 , 0.999975 , 2.45419e-05
1479.11 , 0.999975 , 2.46026e-05
1479.21 , 0.999975 , 2.46636e-05
1479.31 , 0.999975 , 2.47249e-05
1479.41 , 0.999975 , 2.47865e-05
1479.51 , 0.999975 , 2.48483e-05
1479.61 , 0.999975 , 2.49104e-05
1479.71 , 0.999975 , 2.49727e-05
1479.81 , 0.999975 , 2.50354e-05
1479.91 , 0.999975 , 2.50983e-05
1480.02 , 0.999975 , 2.51615e-05
1480.12 , 0.999975 , 2.5225e-05
1480.22 , 0.999975 , 2.52888e-05
1480.32 , 0.999975 , 2.53529e-05
1480.42 , 0.999975 , 2.54172e-05
1480.52 , 0.999975 , 2.54819e-05
1480.62 , 0.999974 , 2.55468e-05
1480.72 , 0.999974 , 2.5612e-05
1480.82 , 0.999974 , 2.56775e-05
1480.92 , 0.999974 , 2.57433e-05
1481.02 , 0.999974 , 2.58094e-05
1481.12 , 0.999974 , 2.58758e-05
1481.22 , 0.999974 , 2.59426e-05
1481.32 , 0.999974 , 2.60096e-05
1481.42 , 0.999974 , 2.60769e-05
1481.52 , 0.999974 , 2.61445e-05
1481.62 , 0.999974 , 2.62124e-05
1481.72 , 0.999974 , 2.62807e-05
1481.82 , 0.999974 , 2.63492e-05
1481.92 , 0.999974 , 2.64181e-05
1482.02 , 0.999974 , 2.64872e-05
1482.12 , 0.999973 , 2.65567e-05
1482.22 , 0.999973 , 2.66266e-05
1482.32 , 0.999973 , 2.66967e-05
1482.42 , 0.999973 , 2.67671e-05
1482.52 , 0.999973 , 2.68379e-05
1482.62 , 0.999973 , 2.6909e-05
1482.72 , 0.999973 , 2.69805e-05
1482.82 , 0.999973 , 2.70522e-05
1482.92 , 0.999973 , 2.71243e-05
1483.02 , 0.999973 , 2.71968e-05
1483.12 , 0.999973 , 2.72695e-05
1483.22 , 0.999973 , 2.73427e-05
1483.32 , 0.999973 , 2.74161e-05
1483.42 , 0.999973 , 2.74899e-05
1483.52 , 0.999972 , 2.7564e-05
1483.62 , 0.999972 , 2.76385e-05
1483.72 , 0.999972 , 2.77133e-05
1483.82 , 0.999972 , 2.77885e-05
1483.92 , 0.999972 , 2.78641e-05
1484.02 , 0.999972 , 2.79399e-05
1484.12 , 0.999972 , 2.80162e-05
1484.22 , 0.999972 , 2.80928e-05
1484.32 , 0.999972 , 2.81698e-05
1484.42 , 0.999972 , 2.82471e-05
1484.52 , 0.999972 , 2.83248e-05
1484.62 , 0.999972 , 2.84029e-05
1484.72 , 0.999972 , 2.84813e-05
1484.82 , 0.999971 , 2.85601e-05
1484.92 , 0.999971 , 2.86393e-05
1485.02 , 0.999971 , 2.87189e-05
1485.12 , 0.999971 , 2.87988e-05
1485.22 , 0.999971 , 2.88791e-05
1485.32 , 0.999971 , 2.89598e-05
1485.42 , 0.999971 , 2.90409e-05
1485.52 , 0.999971 , 2.91224e-05
1485.62 , 0.999971 , 2.92043e-05
1485.72 , 0.999971 , 2.92866e-05
1485.82 , 0.999971 , 2.93692e-05
1485.92 , 0.999971 , 2.94523e-05
1486.02 , 0.99997 , 2.95358e-05
1486.12 , 0.99997 , 2.96196e-05
1486.22 , 0.99997 , 2.97039e-05
1486.32 , 0.99997 , 2.97886e-05
1486.42 , 0.99997 , 2.98737e-05
1486.52 , 0.99997 , 2.99592e-05
1486.62 , 0.99997 , 3.00452e-05
1486.72 , 0.99997 , 3.01315e-05
1486.82 , 0.99997 , 3.02183e-05
1486.92 , 0.99997 , 3.03055e-05
1487.02 , 0.99997 , 3.03931e-05
1487.12 , 0.99997 , 3.04812e-05
1487.22 , 0.999969 , 3.05697e-05
1487.32 , 0.999969 , 3.06586e-05
1487.42 , 0.999969 , 3.0748e-05
1487.52 , 0.999969 , 3.08378e-05
1487.62 , 0.999969 , 3.0928e-05
1487.72 , 0.999969 , 3.10187e-05
1487.82 , 0.999969 , 3.11099e-05
1487.92 , 0.999969 , 3.12015e-05
1488.02 , 0.999969 , 3.12935e-05
1488.12 , 0.999969 , 3.1386e-05
1488.22 , 0.999969 , 3.1479e-05
1488.32 , 0.999968 , 3.15725e-05
1488.42 , 0.999968 , 3.16664e-05
1488.52 , 0.999968 , 3.17608e-05
1488.62 , 0.999968 , 3.18556e-05
1488.72 , 0.999968 , 3.1951e-05
1488.82 , 0.999968 , 3.20468e-05
1488.92 , 0.999968 , 3.21431e-05
1489.02 , 0.999968 , 3.22399e-05
1489.12 , 0.999968 , 3.23371e-05
1489.22 , 0.999968 , 3.24349e-05
1489.32 , 0.999967 , 3.25332e-05
1489.42 , 0.999967 , 3.26319e-05
1489.52 , 0.999967 , 3.27312e-05
1489.62 , 0.999967 , 3.2831e-05
1489.72 , 0.999967 , 3.29313e-05
1489.82 , 0.999967 , 3.30321e-05
1489.92 , 0.999967 , 3.31334e-05
1490.02 , 0.999967 , 3.32352e-05
1490.12 , 0.999967 , 3.33376e-05
1490.22 , 0.999967 , 3.34405e-05
1490.32 , 0.999966 , 3.35439e-05
1490.42 , 0.999966 , 3.36478e-05
1490.52 , 0.999966 , 3.37523e-05
1490.62 , 0.999966 , 3.38573e-05
1490.72 , 0.999966 , 3.39629e-05
1490.82 , 0.999966 , 3.4069e-05
1490.92 , 0.999966 , 3.41757e-05
1491.02 , 0.999966 , 3.4283e-05
1491.12 , 0.999966 , 3.43908e-05
1491.22 , 0.999966 , 3.44991e-05
1491.32 , 0.999965 , 3.4608e-05
1491.42 , 0.999965 , 3.47175e-05
1491.52 , 0.999965 , 3.48276e-05
1491.62 , 0.999965 , 3.49383e-05
1491.72 , 0.999965 , 3.50495e-05
1491.82 , 0.999965 , 3.51613e-05
1491.92 , 0.999965 , 3.52737e-05
1492.02 , 0.999965 , 3.53867e-05
1492.12 , 0.999964 , 3.55003e-05
1492.22 , 0.999964 , 3.56146e-05
1492.32 , 0.999964 , 3.57294e-05
1492.42 , 0.999964 , 3.58448e-05
1492.52 , 0.999964 , 3.59609e-05
1492.62 , 0.999964 , 3.60775e-05
1492.72 , 0.999964 , 3.61948e-05
1492.82 , 0.999964 , 3.63128e-05
1492.92 , 0.999964 , 3.64313e-05
1493.02 , 0.999963 , 3.65505e-05
1493.12 , 0.999963 , 3.66704e-05
1493.22 , 0.999963 , 3.67909e-05
1493.32 , 0.999963 , 3.6912e-05
1493.42 , 0.999963 , 3.70338e-05
1493.52 , 0.999963 , 3.71563e-05
1493.62 , 0.999963 , 3.72794e-05
1493.72 , 0.999963 , 3.74032e-05
1493.82 , 0.999962 , 3.75277e-05
1493.92 , 0.999962 , 3.76529e-05
1494.02 , 0.999962 , 3.77787e-05
1494.12 , 0.999962 , 3.79052e-05
1494.22 , 0.999962 , 3.80325e-05
1494.32 , 0.999962 , 3.81604e-05
1494.42 , 0.999962 , 3.8289e-05
1494.52 , 0.999962 , 3.84184e-05
1494.62 , 0.999961 , 3.85485e-05
1494.72 , 0.999961 , 3.86792e-05
1494.82 , 0.999961 , 3.88107e-05
1494.92 , 0.999961 , 3.8943e-05
1495.02 , 0.999961 , 3.9076e-05
1495.12 , 0.999961 , 3.92097e-05
1495.22 , 0.999961 , 3.93442e-05
1495.32 , 0.999961 , 3.94794e-05
1495.42 , 0.99996 , 3.96154e-05
1495.52 , 0.99996 , 3.97521e-05
1495.62 , 0.99996 , 3.98896e-05
1495.72 , 0.99996 , 4.00279e-05
1495.82 , 0.99996 , 4.0167e-05
1495.92 , 0.99996 , 4.03069e-05
1496.02 , 0.99996 , 4.04475e-05
1496.12 , 0.999959 , 4.0589e-05
1496.22 , 0.999959 , 4.07313e-05
1496.32 , 0.999959 , 4.08743e-05
1496.42 , 0.999959 , 4.10182e-05
1496.52 , 0.999959 , 4.11629e-05
1496.62 , 0.999959 , 4.13085e-05
1496.72 , 0.999959 , 4.14549e-05
1496.82 , 0.999958 , 4.16021e-05
1496.92 , 0.999958 , 4.17502e-05
1497.02 , 0.999958 , 4.18991e-05
1497.12 , 0.999958 , 4.20489e-05
1497.22 , 0.999958 , 4.21995e-05
1497.32 , 0.999958 , 4.23511e-05
1497.42 , 0.999957 , 4.25035e-05
1497.52 , 0.999957 , 4.26568e-05
1497.62 , 0.999957 , 4.2811e-05
1497.72 , 0.999957 , 4.29661e-05
1497.82 , 0.999957 , 4.31221e-05
1497.92 , 0.999957 , 4.3279e-05
1498.02 , 0.999957 , 4.34369e-05
1498.12 , 0.999956 , 4.35957e-05
1498.22 , 0.999956 , 4.37554e-05
1498.32 , 0.999956 , 4.3916e-05
1498.42 , 0.999956 , 4.40776e-05
1498.52 , 0.999956 , 4.42402e-05
1498.62 , 0.999956 , 4.44038e-05
1498.72 , 0.999955 , 4.45683e-05
1498.82 , 0.999955 , 4.47338e-05
1498.92 , 0.999955 , 4.49002e-05
1499.02 , 0.999955 , 4.50677e-05
1499.12 , 0.999955 , 4.52362e-05
1499.22 , 0.999955 , 4.54057e-05
1499.32 , 0.999954 , 4.55763e-05
1499.42 , 0.999954 , 4.57478e-05
1499.52 , 0.999954 , 4.59204e-05
1499.62 , 0.999954 , 4.6094e-05
1499.72 , 0.999954 , 4.62687e-05
1499.82 , 0.999954 , 4.64445e-05
1499.92 , 0.999953 , 4.66213e-05
1500.03 , 0.999953 , 4.67992e-05
1500.13 , 0.999953 , 4.69782e-05
1500.23 , 0.999953 , 4.71583e-05
1500.33 , 0.999953 , 4.73395e-05
1500.43 , 0.999952 , 4.75219e-05
1500.53 , 0.999952 , 4.77053e-05
1500.63 , 0.999952 , 4.78899e-05
1500.73 , 0.999952 , 4.80756e-05
1500.83 , 0.999952 , 4.82625e-05
1500.93 , 0.999952 , 4.84505e-05
1501.03 , 0.999951 , 4.86397e-05
1501.13 , 0.999951 , 4.88301e-05
1501.23 , 0.999951 , 4.90217e-05
1501.33 , 0.999951 , 4.92145e-05
1501.43 , 0.999951 , 4.94085e-05
1501.53 , 0.99995 , 4.96037e-05
1501.63 , 0.99995 , 4.98001e-05
1501.73 , 0.99995 , 4.99978e-05
1501.83 , 0.99995 , 5.01967e-05
1501.93 , 0.99995 , 5.03969e-05
1502.03 , 0.999949 , 5.05984e-05
1502.13 , 0.999949 , 5.08012e-05
1502.23 , 0.999949 , 5.10052e-05
1502.33 , 0.999949 , 5.12106e-05
1502.43 , 0.999949 , 5.14172e-05
1502.53 , 0.999948 , 5.16252e-05
1502.63 , 0.999948 , 5.18346e-05
1502.73 , 0.999948 , 5.20452e-05
1502.83 , 0.999948 , 5.22573e-05
1502.93 , 0.999948 , 5.24707e-05
1503.03 , 0.999947 , 5.26855e-05
1503.13 , 0.999947 , 5.29017e-05
1503.23 , 0.999947 , 5.31193e-05
1503.33 , 0.999947 , 5.33383e-05
1503.43 , 0.999946 , 5.35588e-05
1503.53 , 0.999946 , 5.37807e-05
1503.63 , 0.999946 , 5.40041e-05
1503.73 , 0.999946 , 5.42289e-05
1503.83 , 0.999946 , 5.44552e-05
1503.93 , 0.999945 , 5.4683e-05
1504.03 , 0.999945 , 5.49124e-05
1504.13 , 0.999945 , 5.51432e-05
1504.23 , 0.999945 , 5.53756e-05
1504.33 , 0.999944 , 5.56095e-05
1504.43 , 0.999944 , 5.5845e-05
1504.53 , 0.999944 , 5.60821e-05
1504.63 , 0.999944 , 5.63208e-05
1504.73 , 0.999943 , 5.6561e-05
1504.83 , 0.999943 , 5.68029e-05
1504.93 , 0.999943 , 5.70465e-05
1505.03 , 0.999943 , 5.72916e-05
1505.13 , 0.999942 , 5.75385e-05
1505.23 , 0.999942 , 5.7787e-05
1505.33 , 0.999942 , 5.80372e-05
1505.43 , 0.999942 , 5.82891e-05
1505.53 , 0.999941 , 5.85427e-05
1505.63 , 0.999941 , 5.87981e-05
1505.73 , 0.999941 , 5.90553e-05
1505.83 , 0.999941 , 5.93142e-05
1505.93 , 0.99994 , 5.95749e-05
1506.03 , 0.99994 , 5.98374e-05
1506.13 , 0.99994 , 6.01017e-05
1506.23 , 0.99994 , 6.03678e-05
1506.33 , 0.999939 , 6.06359e-05
1506.43 , 0.999939 , 6.09057e-05
1506.53 , 0.999939 , 6.11775e-05
1506.63 , 0.999939 , 6.14512e-05
1506.73 , 0.999938 , 6.17268e-05
1506.83 , 0.999938 , 6.20043e-05
1506.93 , 0.999938 , 6.22838e-05
1507.03 , 0.999937 , 6.25653e-05
1507.13 , 0.999937 , 6.28488e-05
1507.23 , 0.999937 , 6.31343e-05
1507.33 , 0.999937 , 6.34218e-05
1507.43 , 0.999936 , 6.37114e-05
1507.53 , 0.999936 , 6.40031e-05
1507.63 , 0.999936 , 6.42968e-05
1507.73 , 0.999935 , 6.45927e-05
1507.83 , 0.999935 , 6.48907e-05
1507.93 , 0.999935 , 6.51908e-05
1508.03 , 0.999935 , 6.54931e-05
1508.13 , 0.999934 , 6.57977e-05
1508.23 , 0.999934 , 6.61044e-05
1508.33 , 0.999934 , 6.64134e-05
1508.43 , 0.999933 , 6.67246e-05
1508.53 , 0.999933 , 6.70381e-05
1508.63 , 0.999933 , 6.73539e-05
1508.73 , 0.999932 , 6.76721e-05
1508.83 , 0.999932 , 6.79925e-05
1508.93 , 0.999932 , 6.83154e-05
1509.03 , 0.999931 , 6.86407e-05
1509.13 , 0.999931 , 6.89683e-05
1509.23 , 0.999931 , 6.92985e-05
1509.33 , 0.99993 , 6.9631e-05
1509.43 , 0.99993 , 6.99661e-05
1509.53 , 0.99993 , 7.03037e-05
1509.63 , 0.999929 , 7.06438e-05
1509.73 , 0.999929 , 7.09865e-05
1509.83 , 0.999929 , 7.13318e-05
1509.93 , 0.999928 , 7.16797e-05
1510.03 , 0.999928 , 7.20303e-05
1510.13 , 0.999928 , 7.23835e-05
1510.23 , 0.999927 , 7.27394e-05
1510.33 , 0.999927 , 7.3098e-05
1510.43 , 0.999927 , 7.34594e-05
1510.53 , 0.999926 , 7.38236e-05
1510.63 , 0.999926 , 7.41906e-05
1510.73 , 0.999925 , 7.45604e-05
1510.83 , 0.999925 , 7.49331e-05
1510.93 , 0.999925 , 7.53087e-05
1511.03 , 0.999924 , 7.56872e-05
1511.13 , 0.999924 , 7.60687e-05
1511.23 , 0.999924 , 7.64531e-05
1511.33 , 0.999923 , 7.68406e-05
1511.43 , 0.999923 , 7.72311e-05
1511.53 , 0.999922 , 7.76247e-05
1511.63 , 0.999922 , 7.80214e-05
1511.73 , 0.999922 , 7.84213e-05
1511.83 , 0.999921 , 7.88243e-05
1511.93 , 0.999921 , 7.92306e-05
1512.03 , 0.99992 , 7.96401e-05
1512.13 , 0.99992 , 8.00529e-05
1512.23 , 0.99992 , 8.0469e-05
1512.33 , 0.999919 , 8.08885e-05
1512.43 , 0.999919 , 8.13113e-05
1512.53 , 0.999918 , 8.17376e-05
1512.63 , 0.999918 , 8.21673e-05
1512.73 , 0.999917 , 8.26006e-05
1512.83 , 0.999917 , 8.30373e-05
1512.93 , 0.999917 , 8.34777e-05
1513.03 , 0.999916 , 8.39216e-05
1513.13 , 0.999916 , 8.43692e-05
1513.23 , 0.999915 , 8.48205e-05
1513.33 , 0.999915 , 8.52756e-05
1513.43 , 0.999914 , 8.57344e-05
1513.53 , 0.999914 , 8.6197e-05
1513.63 , 0.999913 , 8.66635e-05
1513.73 , 0.999913 , 8.71339e-05
1513.83 , 0.999912 , 8.76082e-05
1513.93 , 0.999912 , 8.80866e-05
1514.03 , 0.999911 , 8.85689e-05
1514.13 , 0.999911 , 8.90554e-05
1514.23 , 0.99991 , 8.95459e-05
1514.33 , 0.99991 , 9.00407e-05
1514.43 , 0.999909 , 9.05396e-05
1514.53 , 0.999909 , 9.10428e-05
1514.63 , 0.999908 , 9.15504e-05
1514.73 , 0.999908 , 9.20623e-05
1514.83 , 0.999907 , 9.25786e-05
1514.93 , 0.999907 , 9.30994e-05
1515.03 , 0.999906 , 9.36246e-05
1515.13 , 0.999906 , 9.41545e-05
1515.23 , 0.999905 , 9.4689e-05
1515.33 , 0.999905 , 9.52281e-05
1515.43 , 0.999904 , 9.5772e-05
1515.53 , 0.999904 , 9.63207e-05
1515.63 , 0.999903 , 9.68742e-05
1515.73 , 0.999903 , 9.74326e-05
1515.83 , 0.999902 , 9.79959e-05
1515.93 , 0.999901 , 9.85643e-05
1516.03 , 0.999901 , 9.91378e-05
1516.13 , 0.9999 , 9.97163e-05
1516.23 , 0.9999 , 0.0001003
1516.33 , 0.999899 , 0.000100889
1516.43 , 0.999899 , 0.000101483
1516.53 , 0.999898 , 0.000102083
1516.63 , 0.999897 , 0.000102688
1516.73 , 0.999897 , 0.000103299
1516.83 , 0.999896 , 0.000103915
1516.93 , 0.999895 , 0.000104537
1517.03 , 0.999895 , 0.000105165
1517.13 , 0.999894 , 0.000105798
1517.23 , 0.999894 , 0.000106438
1517.33 , 0.999893 , 0.000107083
1517.43 , 0.999892 , 0.000107734
1517.53 , 0.999892 , 0.000108391
1517.63 , 0.999891 , 0.000109055
1517.73 , 0.99989 , 0.000109724
1517.83 , 0.99989 , 0.0001104
1517.93 , 0.999889 , 0.000111083
1518.03 , 0.999888 , 0.000111771
1518.13 , 0.999888 , 0.000112467
1518.23 , 0.999887 , 0.000113169
1518.33 , 0.999886 , 0.000113878
1518.43 , 0.999885 , 0.000114593
1518.53 , 0.999885 , 0.000115315
1518.63 , 0.999884 , 0.000116045
1518.73 , 0.999883 , 0.000116781
1518.83 , 0.999882 , 0.000117525
1518.93 , 0.999882 , 0.000118276
1519.03 , 0.999881 , 0.000119034
1519.13 , 0.99988 , 0.0001198
1519.23 , 0.999879 , 0.000120573
1519.33 , 0.999879 , 0.000121353
1519.43 , 0.999878 , 0.000122142
1519.53 , 0.999877 , 0.000122938
1519.63 , 0.999876 , 0.000123743
1519.73 , 0.999875 , 0.000124555
1519.83 , 0.999875 , 0.000125376
1519.93 , 0.999874 , 0.000126204
1520.04 , 0.999873 , 0.000127042
1520.14 , 0.999872 , 0.000127887
1520.24 , 0.999871 , 0.000128741
1520.34 , 0.99987 , 0.000129604
1520.44 , 0.99987 , 0.000130476
1520.54 , 0.999869 , 0.000131357
1520.64 , 0.999868 , 0.000132247
1520.74 , 0.999867 , 0.000133146
1520.84 , 0.999866 , 0.000134054
1520.94 , 0.999865 , 0.000134972
1521.04 , 0.999864 , 0.000135899
1521.14 , 0.999863 , 0.000136837
1521.24 , 0.999862 , 0.000137784
1521.34 , 0.999861 , 0.000138741
1521.44 , 0.99986 , 0.000139708
1521.54 , 0.999859 , 0.000140685
1521.64 , 0.999858 , 0.000141673
1521.74 , 0.999857 , 0.000142672
1521.84 , 0.999856 , 0.000143681
1521.94 , 0.999855 , 0.000144701
1522.04 , 0.999854 , 0.000145732
1522.14 , 0.999853 , 0.000146774
1522.24 , 0.999852 , 0.000147828
1522.34 , 0.999851 , 0.000148893
1522.44 , 0.99985 , 0.00014997
1522.54 , 0.999849 , 0.000151059
1522.64 , 0.999848 , 0.000152159
1522.74 , 0.999847 , 0.000153272
1522.84 , 0.999846 , 0.000154398
1522.94 , 0.999844 , 0.000155536
1523.04 , 0.999843 , 0.000156686
1523.14 , 0.999842 , 0.00015785
1523.24 , 0.999841 , 0.000159027
1523.34 , 0.99984 , 0.000160217
1523.44 , 0.999839 , 0.000161421
1523.54 , 0.999837 , 0.000162638
1523.64 , 0.999836 , 0.00016387
1523.74 , 0.999835 , 0.000165116
1523.84 , 0.999834 , 0.000166376
1523.94 , 0.999832 , 0.00016765
1524.04 , 0.999831 , 0.00016894
1524.14 , 0.99983 , 0.000170245
1524.24 , 0.999828 , 0.000171565
1524.34 , 0.999827 , 0.0001729
1524.44 , 0.999826 , 0.000174251
1524.54 , 0.999824 , 0.000175619
1524.64 , 0.999823 , 0.000177002
1524.74 , 0.999822 , 0.000178403
1524.84 , 0.99982 , 0.00017982
1524.94 , 0.999819 , 0.000181254
1525.04 , 0.999817 , 0.000182705
1525.14 , 0.999816 , 0.000184175
1525.24 , 0.999814 , 0.000185662
1525.34 , 0.999813 , 0.000187167
1525.44 , 0.999811 , 0.000188691
1525.54 , 0.99981 , 0.000190234
1525.64 , 0.999808 , 0.000191796
1525.74 , 0.999807 , 0.000193377
1525.84 , 0.999805 , 0.000194978
1525.94 , 0.999803 , 0.000196599
1526.04 , 0.999802 , 0.000198241
1526.14 , 0.9998 , 0.000199904
1526.24 , 0.999798 , 0.000201587
1526.34 , 0.999797 , 0.000203293
1526.44 , 0.999795 , 0.00020502
1526.54 , 0.999793 , 0.000206769
1526.64 , 0.999791 , 0.000208541
1526.74 , 0.99979 , 0.000210336
1526.84 , 0.999788 , 0.000212154
1526.94 , 0.999786 , 0.000213997
1527.04 , 0.999784 , 0.000215863
1527.14 , 0.999782 , 0.000217754
1527.24 , 0.99978 , 0.000219671
1527.34 , 0.999778 , 0.000221612
1527.44 , 0.999776 , 0.00022358
1527.54 , 0.999774 , 0.000225575
1527.64 , 0.999772 , 0.000227596
1527.74 , 0.99977 , 0.000229645
1527.84 , 0.999768 , 0.000231722
1527.94 , 0.999766 , 0.000233827
1528.04 , 0.999764 , 0.000235961
1528.14 , 0.999762 , 0.000238124
1528.24 , 0.99976 , 0.000240318
1528.34 , 0.999757 , 0.000242542
1528.44 , 0.999755 , 0.000244798
1528.54 , 0.999753 , 0.000247085
1528.64 , 0.999751 , 0.000249405
1528.74 , 0.999748 , 0.000251757
1528.84 , 0.999746 , 0.000254144
1528.94 , 0.999743 , 0.000256564
1529.04 , 0.999741 , 0.000259019
1529.14 , 0.999738 , 0.00026151
1529.24 , 0.999736 , 0.000264037
1529.34 , 0.999733 , 0.000266601
1529.44 , 0.999731 , 0.000269203
1529.54 , 0.999728 , 0.000271843
1529.64 , 0.999725 , 0.000274523
1529.74 , 0.999723 , 0.000277242
1529.84 , 0.99972 , 0.000280002
1529.94 , 0.999717 , 0.000282804
1530.04 , 0.999714 , 0.000285648
1530.14 , 0.999711 , 0.000288536
1530.24 , 0.999709 , 0.000291467
1530.34 , 0.999706 , 0.000294444
1530.44 , 0.999703 , 0.000297466
1530.54 , 0.999699 , 0.000300536
1530.64 , 0.999696 , 0.000303653
1530.74 , 0.999693 , 0.000306819
1530.84 , 0.99969 , 0.000310035
1530.94 , 0.999687 , 0.000313303
1531.04 , 0.999683 , 0.000316622
1531.14 , 0.99968 , 0.000319994
1531.24 , 0.999677 , 0.000323421
1531.34 , 0.999673 , 0.000326903
1531.44 , 0.99967 , 0.000330442
1531.54 , 0.999666 , 0.000334039
1531.64 , 0.999662 , 0.000337695
1531.74 , 0.999659 , 0.000341411
1531.84 , 0.999655 , 0.00034519
1531.94 , 0.999651 , 0.000349031
1532.04 , 0.999647 , 0.000352937
1532.14 , 0.999643 , 0.000356909
1532.24 , 0.999639 , 0.000360949
1532.34 , 0.999635 , 0.000365058
1532.44 , 0.999631 , 0.000369237
1532.54 , 0.999627 , 0.000373489
1532.64 , 0.999622 , 0.000377815
1532.74 , 0.999618 , 0.000382216
1532.84 , 0.999613 , 0.000386695
1532.94 , 0.999609 , 0.000391253
1533.04 , 0.999604 , 0.000395893
1533.14 , 0.999599 , 0.000400615
1533.24 , 0.999595 , 0.000405423
1533.34 , 0.99959 , 0.000410318
1533.44 , 0.999585 , 0.000415302
1533.54 , 0.99958 , 0.000420377
1533.64 , 0.999574 , 0.000425547
1533.74 , 0.999569 , 0.000430812
1533.84 , 0.999564 , 0.000436175
1533.94 , 0.999558 , 0.00044164
1534.04 , 0.999553 , 0.000447208
1534.14 , 0.999547 , 0.000452882
1534.24 , 0.999541 , 0.000458665
1534.34 , 0.999535 , 0.000464559
1534.44 , 0.999529 , 0.000470567
1534.54 , 0.999523 , 0.000476693
1534.64 , 0.999517 , 0.00048294
1534.74 , 0.999511 , 0.00048931
1534.84 , 0.999504 , 0.000495807
1534.94 , 0.999498 , 0.000502434
1535.04 , 0.999491 , 0.000509195
1535.14 , 0.999484 , 0.000516094
1535.24 , 0.999477 , 0.000523133
1535.34 , 0.99947 , 0.000530318
1535.44 , 0.999462 , 0.000537652
1535.54 , 0.999455 , 0.000545138
1535.64 , 0.999447 , 0.000552783
1535.74 , 0.999439 , 0.000560589
1535.84 , 0.999431 , 0.000568562
1535.94 , 0.999423 , 0.000576705
1536.04 , 0.999415 , 0.000585025
1536.14 , 0.999406 , 0.000593527
1536.24 , 0.999398 , 0.000602215
1536.34 , 0.999389 , 0.000611095
1536.44 , 0.99938 , 0.000620172
1536.54 , 0.999371 , 0.000629454
1536.64 , 0.999361 , 0.000638945
1536.74 , 0.999351 , 0.000648652
1536.84 , 0.999341 , 0.000658583
1536.94 , 0.999331 , 0.000668742
1537.04 , 0.999321 , 0.000679139
1537.14 , 0.99931 , 0.000689779
1537.24 , 0.999299 , 0.000700672
1537.34 , 0.999288 , 0.000711824
1537.44 , 0.999277 , 0.000723244
1537.54 , 0.999265 , 0.000734942
1537.64 , 0.999253 , 0.000746925
1537.74 , 0.999241 , 0.000759203
1537.84 , 0.999228 , 0.000771786
1537.94 , 0.999215 , 0.000784684
1538.04 , 0.999202 , 0.000797908
1538.14 , 0.999189 , 0.000811468
1538.24 , 0.999175 , 0.000825377
1538.34 , 0.99916 , 0.000839646
1538.44 , 0.999146 , 0.000854288
1538.54 , 0.999131 , 0.000869315
1538.64 , 0.999115 , 0.000884742
1538.74 , 0.999099 , 0.000900583
1538.84 , 0.999083 , 0.000916853
1538.94 , 0.999066 , 0.000933566
1539.04 , 0.999049 , 0.000950741
1539.14 , 0.999032 , 0.000968392
1539.24 , 0.999013 , 0.00098654
1539.34 , 0.998995 , 0.0010052
1539.44 , 0.998976 , 0.0010244
1539.54 , 0.998956 , 0.00104415
1539.64 , 0.998936 , 0.00106447
1539.74 , 0.998915 , 0.00108539
1539.84 , 0.998893 , 0.00110694
1539.94 , 0.998871 , 0.00112913
1540.05 , 0.998848 , 0.001152
1540.15 , 0.998824 , 0.00117556
1540.25 , 0.9988 , 0.00119986
1540.35 , 0.998775 , 0.00122491
1540.45 , 0.998749 , 0.00125076
1540.55 , 0.998723 , 0.00127743
1540.65 , 0.998695 , 0.00130496
1540.75 , 0.998667 , 0.00133339
1540.85 , 0.998637 , 0.00136275
1540.95 , 0.998607 , 0.0013931
1541.05 , 0.998576 , 0.00142447
1541.15 , 0.998543 , 0.00145691
1541.25 , 0.99851 , 0.00149046
1541.35 , 0.998475 , 0.00152519
1541.45 , 0.998439 , 0.00156114
1541.55 , 0.998402 , 0.00159838
1541.65 , 0.998363 , 0.00163696
1541.75 , 0.998323 , 0.00167695
1541.85 , 0.998282 , 0.00171843
1541.95 , 0.998239 , 0.00176145
1542.05 , 0.998194 , 0.00180611
1542.15 , 0.998148 , 0.00185249
1542.25 , 0.998099 , 0.00190067
1542.35 , 0.998049 , 0.00195075
1542.45 , 0.997997 , 0.00200284
1542.55 , 0.997943 , 0.00205703
1542.65 , 0.997887 , 0.00211344
1542.75 , 0.997828 , 0.00217221
1542.85 , 0.997767 , 0.00223345
1542.95 , 0.997703 , 0.00229732
1543.05 , 0.997636 , 0.00236395
1543.15 , 0.997566 , 0.00243352
1543.25 , 0.997494 , 0.0025062
1543.35 , 0.997418 , 0.00258218
1543.45 , 0.997338 , 0.00266166
1543.55 , 0.997255 , 0.00274485
1543.65 , 0.997168 , 0.002832
1543.75 , 0.997077 , 0.00292335
1543.85 , 0.996981 , 0.00301918
1543.95 , 0.99688 , 0.00311979
1544.05 , 0.996775 , 0.0032255
1544.15 , 0.996663 , 0.00333666
1544.25 , 0.996546 , 0.00345365
1544.35 , 0.996423 , 0.00357688
1544.45 , 0.996293 , 0.00370682
1544.55 , 0.996156 , 0.00384394
1544.65 , 0.996011 , 0.00398879
1544.75 , 0.995858 , 0.00414196
1544.85 , 0.995696 , 0.0043041
1544.95 , 0.995524 , 0.00447592
1545.05 , 0.995342 , 0.00465821
1545.15 , 0.995148 , 0.00485182
1545.25 , 0.994942 , 0.00505773
1545.35 , 0.994723 , 0.00527698
1545.45 , 0.994489 , 0.00551075
1545.55 , 0.99424 , 0.00576035
1545.65 , 0.993973 , 0.00602725
1545.75 , 0.993687 , 0.00631306
1545.85 , 0.99338 , 0.00661962
1545.95 , 0.993051 , 0.00694898
1546.05 , 0.992697 , 0.00730345
1546.15 , 0.992314 , 0.00768563
1546.25 , 0.991902 , 0.00809849
1546.35 , 0.991455 , 0.00854539
1546.45 , 0.99097 , 0.00903017
1546.55 , 0.990443 , 0.0095572
1546.65 , 0.989868 , 0.0101315
1546.75 , 0.989241 , 0.010759
1546.85 , 0.988554 , 0.0114462
1546.95 , 0.987799 , 0.0122011
1547.05 , 0.986967 , 0.0130328
1547.15 , 0.986048 , 0.013952
1547.25 , 0.985029 , 0.0149713
1547.35 , 0.983894 , 0.0161058
1547.45 , 0.982627 , 0.0173734
1547.55 , 0.981205 , 0.0187955
1547.65 , 0.979602 , 0.0203981
1547.75 , 0.977787 , 0.0222129
1547.85 , 0.975721 , 0.0242787
1547.95 , 0.973356 , 0.0266435
1548.05 , 0.970633 , 0.0293673
1548.15 , 0.967474 , 0.0325256
1548.25 , 0.963785 , 0.0362148
1548.35 , 0.959441 , 0.0405587
1548.45 , 0.954281 , 0.0457192
1548.55 , 0.94809 , 0.05191
1548.65 , 0.940582 , 0.0594182
1548.75 , 0.931365 , 0.0686346
1548.85 , 0.919899 , 0.0801015
1548.95 , 0.905416 , 0.0945843
1549.05 , 0.886815 , 0.113185
1549.15 , 0.862479 , 0.137521
1549.25 , 0.829994 , 0.170006
1549.35 , 0.78571 , 0.21429
1549.45 , 0.724127 , 0.275873
1549.55 , 0.637276 , 0.362724
1549.65 , 0.515196 , 0.484804
1549.75 , 0.351542 , 0.648458
1549.85 , 0.163277 , 0.836723
1549.95 , 0.0212192 , 0.978781
1550.05 , 0.0212165 , 0.978783
1550.15 , 0.163224 , 0.836776
1550.25 , 0.351395 , 0.648605
1550.35 , 0.51497 , 0.48503
1550.45 , 0.637007 , 0.362993
1550.55 , 0.723843 , 0.276157
1550.65 , 0.785428 , 0.214572
1550.75 , 0.829721 , 0.170279
1550.85 , 0.862219 , 0.137781
1550.95 , 0.886569 , 0.113431
1551.05 , 0.905183 , 0.0948167
1551.15 , 0.919679 , 0.0803205
1551.25 , 0.931159 , 0.0688412
1551.35 , 0.940387 , 0.0596133
1551.45 , 0.947905 , 0.0520946
1551.55 , 0.954106 , 0.0458941
1551.65 , 0.959275 , 0.0407248
1551.75 , 0.963627 , 0.0363728
1551.85 , 0.967324 , 0.0326763
1551.95 , 0.970489 , 0.0295112
1552.05 , 0.973219 , 0.0267811
1552.15 , 0.975589 , 0.0244105
1552.25 , 0.977661 , 0.0223394
1552.35 , 0.97948 , 0.0205197
1552.45 , 0.981088 , 0.0189125
1552.55 , 0.982514 , 0.0174861
1552.65 , 0.983785 , 0.0162146
1552.75 , 0.984924 , 0.0150764
1552.85 , 0.985946 , 0.0140536
1552.95 , 0.986869 , 0.0131311
1553.05 , 0.987704 , 0.0122964
1553.15 , 0.988461 , 0.0115386
1553.25 , 0.989151 , 0.0108486
1553.35 , 0.989781 , 0.0102186
1553.45 , 0.990358 , 0.00964186
1553.55 , 0.990887 , 0.00911253
1553.65 , 0.991374 , 0.00862558
1553.75 , 0.991823 , 0.00817661
1553.85 , 0.992238 , 0.00776178
1553.95 , 0.992622 , 0.00737773
1554.05 , 0.992979 , 0.00702148
1554.15 , 0.99331 , 0.00669042
1554.25 , 0.993618 , 0.00638224
1554.35 , 0.993905 , 0.00609487
1554.45 , 0.994174 , 0.00582649
1554.55 , 0.994425 , 0.00557547
1554.65 , 0.99466 , 0.00534033
1554.75 , 0.99488 , 0.00511978
1554.85 , 0.995087 , 0.00491262
1554.95 , 0.995282 , 0.0047178
1555.05 , 0.995466 , 0.00453435
1555.15 , 0.995639 , 0.00436142
1555.25 , 0.995802 , 0.00419821
1555.35 , 0.995956 , 0.004044
1555.45 , 0.996102 , 0.00389815
1555.55 , 0.99624 , 0.00376007
1555.65 , 0.996371 , 0.00362921
1555.75 , 0.996495 , 0.00350507
1555.85 , 0.996613 , 0.00338722
1555.95 , 0.996725 , 0.00327522
1556.05 , 0.996831 , 0.0031687
1556.15 , 0.996933 , 0.0030673
1556.25 , 0.997029 , 0.00297071
1556.35 , 0.997121 , 0.00287862
1556.45 , 0.997209 , 0.00279076
1556.55 , 0.997293 , 0.00270687
1556.65 , 0.997373 , 0.00262672
1556.75 , 0.99745 , 0.00255009
1556.85 , 0.997523 , 0.00247678
1556.95 , 0.997593 , 0.00240659
1557.05 , 0.997661 , 0.00233936
1557.15 , 0.997725 , 0.00227491
1557.25 , 0.997787 , 0.0022131
1557.35 , 0.997846 , 0.00215378
1557.45 , 0.997903 , 0.00209683
1557.55 , 0.997958 , 0.00204211
1557.65 , 0.99801 , 0.00198952
1557.75 , 0.998061 , 0.00193894
1557.85 , 0.99811 , 0.00189028
1557.95 , 0.998157 , 0.00184343
1558.05 , 0.998202 , 0.00179831
1558.15 , 0.998245 , 0.00175483
1558.25 , 0.998287 , 0.00171292
1558.35 , 0.998327 , 0.0016725
1558.45 , 0.998366 , 0.0016335
1558.55 , 0.998404 , 0.00159586
1558.65 , 0.99844 , 0.00155951
1558.75 , 0.998476 , 0.00152439
1558.85 , 0.99851 , 0.00149045
1558.95 , 0.998542 , 0.00145764
1559.05 , 0.998574 , 0.00142591
1559.15 , 0.998605 , 0.00139521
1559.25 , 0.998635 , 0.00136549
1559.35 , 0.998663 , 0.00133672
1559.45 , 0.998691 , 0.00130885
1559.55 , 0.998718 , 0.00128186
1559.65 , 0.998744 , 0.00125569
1559.75 , 0.99877 , 0.00123032
1559.85 , 0.998794 , 0.00120572
1559.95 , 0.998818 , 0.00118185
1560.06 , 0.998841 , 0.00115869
1560.16 , 0.998864 , 0.00113621
1560.26 , 0.998886 , 0.00111438
1560.36 , 0.998907 , 0.00109318
1560.46 , 0.998927 , 0.00107258
1560.56 , 0.998947 , 0.00105256
1560.66 , 0.998967 , 0.0010331
1560.76 , 0.998986 , 0.00101418
1560.86 , 0.999004 , 0.000995782
1560.96 , 0.999022 , 0.000977881
1561.06 , 0.99904 , 0.000960462
1561.16 , 0.999056 , 0.000943508
1561.26 , 0.999073 , 0.000927002
1561.36 , 0.999089 , 0.00091093
1561.46 , 0.999105 , 0.000895275
1561.56 , 0.99912 , 0.000880023
1561.66 , 0.999135 , 0.000865161
1561.76 , 0.999149 , 0.000850676
1561.86 , 0.999163 , 0.000836554
1561.96 , 0.999177 , 0.000822784
1562.06 , 0.999191 , 0.000809355
1562.16 , 0.999204 , 0.000796254
1562.26 , 0.999217 , 0.000783472
1562.36 , 0.999229 , 0.000770998
1562.46 , 0.999241 , 0.000758822
1562.56 , 0.999253 , 0.000746935
1562.66 , 0.999265 , 0.000735328
1562.76 , 0.999276 , 0.000723992
1562.86 , 0.999287 , 0.000712919
1562.96 , 0.999298 , 0.0007021
1563.06 , 0.999308 , 0.000691528
1563.16 , 0.999319 , 0.000681195
1563.26 , 0.999329 , 0.000671095
1563.36 , 0.999339 , 0.00066122
1563.46 , 0.999348 , 0.000651564
1563.56 , 0.999358 , 0.000642119
1563.66 , 0.999367 , 0.000632881
1563.76 , 0.999376 , 0.000623843
1563.86 , 0.999385 , 0.000615
1563.96 , 0.999394 , 0.000606345
1564.06 , 0.999402 , 0.000597873
1564.16 , 0.99941 , 0.00058958
1564.26 , 0.999419 , 0.00058146
1564.36 , 0.999426 , 0.000573509
1564.46 , 0.999434 , 0.000565722
1564.56 , 0.999442 , 0.000558094
1564.66 , 0.999449 , 0.000550621
1564.76 , 0.999457 , 0.000543299
1564.86 , 0.999464 , 0.000536124
1564.96 , 0.999471 , 0.000529091
1565.06 , 0.999478 , 0.000522198
1565.16 , 0.999485 , 0.000515441
1565.26 , 0.999491 , 0.000508815
1565.36 , 0.999498 , 0.000502319
1565.46 , 0.999504 , 0.000495947
1565.56 , 0.99951 , 0.000489697
1565.66 , 0.999516 , 0.000483567
1565.76 , 0.999522 , 0.000477552
1565.86 , 0.999528 , 0.00047165
1565.96 , 0.999534 , 0.000465859
1566.06 , 0.99954 , 0.000460175
1566.16 , 0.999545 , 0.000454596
1566.26 , 0.999551 , 0.000449119
1566.36 , 0.999556 , 0.000443742
1566.46 , 0.999562 , 0.000438462
1566.56 , 0.999567 , 0.000433278
1566.66 , 0.999572 , 0.000428186
1566.76 , 0.999577 , 0.000423184
1566.86 , 0.999582 , 0.000418272
1566.96 , 0.999587 , 0.000413445
1567.06 , 0.999591 , 0.000408703
1567.16 , 0.999596 , 0.000404043
1567.26 , 0.999601 , 0.000399464
1567.36 , 0.999605 , 0.000394963
1567.46 , 0.999609 , 0.000390539
1567.56 , 0.999614 , 0.00038619
1567.66 , 0.999618 , 0.000381915
1567.76 , 0.999622 , 0.000377711
1567.86 , 0.999626 , 0.000373578
1567.96 , 0.99963 , 0.000369513
1568.06 , 0.999634 , 0.000365515
1568.16 , 0.999638 , 0.000361583
1568.26 , 0.999642 , 0.000357715
1568.36 , 0.999646 , 0.00035391
1568.46 , 0.99965 , 0.000350166
1568.56 , 0.999654 , 0.000346482
1568.66 , 0.999657 , 0.000342857
1568.76 , 0.999661 , 0.00033929
1568.86 , 0.999664 , 0.000335779
1568.96 , 0.999668 , 0.000332324
1569.06 , 0.999671 , 0.000328922
1569.16 , 0.999674 , 0.000325574
1569.26 , 0.999678 , 0.000322277
1569.36 , 0.999681 , 0.000319031
1569.46 , 0.999684 , 0.000315834
1569.56 , 0.999687 , 0.000312687
1569.66 , 0.99969 , 0.000309587
1569.76 , 0.999693 , 0.000306534
1569.86 , 0.999696 , 0.000303526
1569.96 , 0.999699 , 0.000300564
1570.06 , 0.999702 , 0.000297645
1570.16 , 0.999705 , 0.00029477
1570.26 , 0.999708 , 0.000291937
1570.36 , 0.999711 , 0.000289146
1570.46 , 0.999714 , 0.000286395
1570.56 , 0.999716 , 0.000283684
1570.66 , 0.999719 , 0.000281012
1570.76 , 0.999722 , 0.000278378
1570.86 , 0.999724 , 0.000275782
1570.96 , 0.999727 , 0.000273223
1571.06 , 0.999729 , 0.000270701
1571.16 , 0.999732 , 0.000268214
1571.26 , 0.999734 , 0.000265761
1571.36 , 0.999737 , 0.000263343
1571.46 , 0.999739 , 0.000260958
1571.56 , 0.999741 , 0.000258607
1571.66 , 0.999744 , 0.000256288
1571.76 , 0.999746 , 0.000254
1571.86 , 0.999748 , 0.000251744
1571.96 , 0.99975 , 0.000249518
1572.06 , 0.999753 , 0.000247323
1572.16 , 0.999755 , 0.000245157
1572.26 , 0.999757 , 0.000243019
1572.36 , 0.999759 , 0.000240911
1572.46 , 0.999761 , 0.00023883
1572.56 , 0.999763 , 0.000236777
1572.66 , 0.999765 , 0.000234751
1572.76 , 0.999767 , 0.000232751
1572.86 , 0.999769 , 0.000230778
1572.96 , 0.999771 , 0.00022883
1573.06 , 0.999773 , 0.000226907
1573.16 , 0.999775 , 0.000225009
1573.26 , 0.999777 , 0.000223136
1573.36 , 0.999779 , 0.000221286
1573.46 , 0.999781 , 0.000219459
1573.56 , 0.999782 , 0.000217656
1573.66 , 0.999784 , 0.000215876
1573.76 , 0.999786 , 0.000214118
1573.86 , 0.999788 , 0.000212381
1573.96 , 0.999789 , 0.000210667
1574.06 , 0.999791 , 0.000208973
1574.16 , 0.999793 , 0.000207301
1574.26 , 0.999794 , 0.000205649
1574.36 , 0.999796 , 0.000204017
1574.46 , 0.999798 , 0.000202405
1574.56 , 0.999799 , 0.000200813
1574.66 , 0.999801 , 0.00019924
1574.76 , 0.999802 , 0.000197686
1574.86 , 0.999804 , 0.00019615
1574.96 , 0.999805 , 0.000194633
1575.06 , 0.999807 , 0.000193134
1575.16 , 0.999808 , 0.000191653
1575.26 , 0.99981 , 0.000190189
1575.36 , 0.999811 , 0.000188742
1575.46 , 0.999813 , 0.000187312
1575.56 , 0.999814 , 0.000185899
1575.66 , 0.999815 , 0.000184502
1575.76 , 0.999817 , 0.000183122
1575.86 , 0.999818 , 0.000181757
1575.96 , 0.99982 , 0.000180408
1576.06 , 0.999821 , 0.000179074
1576.16 , 0.999822 , 0.000177756
1576.26 , 0.999824 , 0.000176453
1576.36 , 0.999825 , 0.000175164
1576.46 , 0.999826 , 0.00017389
1576.56 , 0.999827 , 0.00017263
1576.66 , 0.999829 , 0.000171384
1576.76 , 0.99983 , 0.000170152
1576.86 , 0.999831 , 0.000168934
1576.96 , 0.999832 , 0.000167729
1577.06 , 0.999833 , 0.000166537
1577.16 , 0.999835 , 0.000165359
1577.26 , 0.999836 , 0.000164193
1577.36 , 0.999837 , 0.00016304
1577.46 , 0.999838 , 0.0001619
1577.56 , 0.999839 , 0.000160772
1577.66 , 0.99984 , 0.000159656
1577.76 , 0.999841 , 0.000158552
1577.86 , 0.999843 , 0.000157459
1577.96 , 0.999844 , 0.000156379
1578.06 , 0.999845 , 0.00015531
1578.16 , 0.999846 , 0.000154252
1578.26 , 0.999847 , 0.000153205
1578.36 , 0.999848 , 0.00015217
1578.46 , 0.999849 , 0.000151145
1578.56 , 0.99985 , 0.000150131
1578.66 , 0.999851 , 0.000149127
1578.76 , 0.999852 , 0.000148134
1578.86 , 0.999853 , 0.000147151
1578.96 , 0.999854 , 0.000146179
1579.06 , 0.999855 , 0.000145216
1579.16 , 0.999856 , 0.000144263
1579.26 , 0.999857 , 0.000143319
1579.36 , 0.999858 , 0.000142386
1579.46 , 0.999859 , 0.000141461
1579.56 , 0.999859 , 0.000140546
1579.66 , 0.99986 , 0.000139641
1579.76 , 0.999861 , 0.000138744
1579.86 , 0.999862 , 0.000137856
1579.96 , 0.999863 , 0.000136977
1580.07 , 0.999864 , 0.000136107
1580.17 , 0.999865 , 0.000135245
1580.27 , 0.999866 , 0.000134392
1580.37 , 0.999866 , 0.000133547
1580.47 , 0.999867 , 0.000132711
1580.57 , 0.999868 , 0.000131882
1580.67 , 0.999869 , 0.000131062
1580.77 , 0.99987 , 0.000130249
1580.87 , 0.999871 , 0.000129445
1580.97 , 0.999871 , 0.000128648
1581.07 , 0.999872 , 0.000127859
1581.17 , 0.999873 , 0.000127077
1581.27 , 0.999874 , 0.000126303
1581.37 , 0.999874 , 0.000125536
1581.47 , 0.999875 , 0.000124776
1581.57 , 0.999876 , 0.000124024
1581.67 , 0.999877 , 0.000123279
1581.77 , 0.999877 , 0.00012254
1581.87 , 0.999878 , 0.000121809
1581.97 , 0.999879 , 0.000121084
1582.07 , 0.99988 , 0.000120366
1582.17 , 0.99988 , 0.000119655
1582.27 , 0.999881 , 0.00011895
1582.37 , 0.999882 , 0.000118252
1582.47 , 0.999882 , 0.00011756
1582.57 , 0.999883 , 0.000116875
1582.67 , 0.999884 , 0.000116195
1582.77 , 0.999884 , 0.000115522
1582.87 , 0.999885 , 0.000114855
1582.97 , 0.999886 , 0.000114194
1583.07 , 0.999886 , 0.000113539
1583.17 , 0.999887 , 0.00011289
1583.27 , 0.999888 , 0.000112247
1583.37 , 0.999888 , 0.000111609
1583.47 , 0.999889 , 0.000110978
1583.57 , 0.99989 , 0.000110351
1583.67 , 0.99989 , 0.000109731
1583.77 , 0.999891 , 0.000109115
1583.87 , 0.999891 , 0.000108505
1583.97 , 0.999892 , 0.000107901
1584.07 , 0.999893 , 0.000107302
1584.17 , 0.999893 , 0.000106708
1584.27 , 0.999894 , 0.000106119
1584.37 , 0.999894 , 0.000105535
1584.47 , 0.999895 , 0.000104956
1584.57 , 0.999896 , 0.000104383
1584.67 , 0.999896 , 0.000103814
1584.77 , 0.999897 , 0.00010325
1584.87 , 0.999897 , 0.000102691
1584.97 , 0.999898 , 0.000102136
1585.07 , 0.999898 , 0.000101587
1585.17 , 0.999899 , 0.000101042
1585.27 , 0.999899 , 0.000100501
1585.37 , 0.9999 , 9.99656e-05
1585.47 , 0.999901 , 9.94343e-05
1585.57 , 0.999901 , 9.89074e-05
1585.67 , 0.999902 , 9.83849e-05
1585.77 , 0.999902 , 9.78668e-05
1585.87 , 0.999903 , 9.73529e-05
1585.97 , 0.999903 , 9.68434e-05
1586.07 , 0.999904 , 9.6338e-05
1586.17 , 0.999904 , 9.58368e-05
1586.27 , 0.999905 , 9.53396e-05
1586.37 , 0.999905 , 9.48466e-05
1586.47 , 0.999906 , 9.43576e-05
1586.57 , 0.999906 , 9.38726e-05
1586.67 , 0.999907 , 9.33915e-05
1586.77 , 0.999907 , 9.29143e-05
1586.87 , 0.999908 , 9.24409e-05
1586.97 , 0.999908 , 9.19714e-05
1587.07 , 0.999908 , 9.15057e-05
1587.17 , 0.999909 , 9.10436e-05
1587.27 , 0.999909 , 9.05853e-05
1587.37 , 0.99991 , 9.01306e-05
1587.47 , 0.99991 , 8.96795e-05
1587.57 , 0.999911 , 8.9232e-05
1587.67 , 0.999911 , 8.87881e-05
1587.77 , 0.999912 , 8.83476e-05
1587.87 , 0.999912 , 8.79106e-05
1587.97 , 0.999913 , 8.7477e-05
1588.07 , 0.999913 , 8.70468e-05
1588.17 , 0.999913 , 8.662e-05
1588.27 , 0.999914 , 8.61965e-05
1588.37 , 0.999914 , 8.57763e-05
1588.47 , 0.999915 , 8.53593e-05
1588.57 , 0.999915 , 8.49456e-05
1588.67 , 0.999915 , 8.4535e-05
1588.77 , 0.999916 , 8.41276e-05
1588.87 , 0.999916 , 8.37233e-05
1588.97 , 0.999917 , 8.33221e-05
1589.07 , 0.999917 , 8.2924e-05
1589.17 , 0.999917 , 8.25288e-05
1589.27 , 0.999918 , 8.21367e-05
1589.37 , 0.999918 , 8.17475e-05
1589.47 , 0.999919 , 8.13613e-05
1589.57 , 0.999919 , 8.0978e-05
1589.67 , 0.999919 , 8.05976e-05
1589.77 , 0.99992 , 8.022e-05
1589.87 , 0.99992 , 7.98452e-05
1589.97 , 0.999921 , 7.94732e-05
1590.07 , 0.999921 , 7.9104e-05
1590.17 , 0.999921 , 7.87375e-05
1590.27 , 0.999922 , 7.83737e-05
1590.37 , 0.999922 , 7.80126e-05
1590.47 , 0.999922 , 7.76542e-05
1590.57 , 0.999923 , 7.72984e-05
1590.67 , 0.999923 , 7.69452e-05
1590.77 , 0.999923 , 7.65945e-05
1590.87 , 0.999924 , 7.62465e-05
1590.97 , 0.999924 , 7.59009e-05
1591.07 , 0.999924 , 7.55579e-05
1591.17 , 0.999925 , 7.52173e-05
1591.27 , 0.999925 , 7.48792e-05
1591.37 , 0.999925 , 7.45436e-05
1591.47 , 0.999926 , 7.42103e-05
1591.57 , 0.999926 , 7.38794e-05
1591.67 , 0.999926 , 7.35509e-05
1591.77 , 0.999927 , 7.32248e-05
1591.87 , 0.999927 , 7.29009e-05
1591.97 , 0.999927 , 7.25794e-05
1592.07 , 0.999928 , 7.22601e-05
1592.17 , 0.999928 , 7.19431e-05
1592.27 , 0.999928 , 7.16283e-05
1592.37 , 0.999929 , 7.13157e-05
1592.47 , 0.999929 , 7.10053e-05
1592.57 , 0.999929 , 7.06971e-05
1592.67 , 0.99993 , 7.0391e-05
1592.77 , 0.99993 , 7.00871e-05
1592.87 , 0.99993 , 6.97853e-05
1592.97 , 0.999931 , 6.94855e-05
1593.07 , 0.999931 , 6.91879e-05
1593.17 , 0.999931 , 6.88923e-05
1593.27 , 0.999931 , 6.85987e-05
1593.37 , 0.999932 , 6.83071e-05
1593.47 , 0.999932 , 6.80176e-05
1593.57 , 0.999932 , 6.773e-05
1593.67 , 0.999933 , 6.74443e-05
1593.77 , 0.999933 , 6.71607e-05
1593.87 , 0.999933 , 6.68789e-05
1593.97 , 0.999933 , 6.6599e-05
1594.07 , 0.999934 , 6.63211e-05
1594.17 , 0.999934 , 6.6045e-05
1594.27 , 0.999934 , 6.57708e-05
1594.37 , 0.999935 , 6.54984e-05
1594.47 , 0.999935 , 6.52278e-05
1594.57 , 0.999935 , 6.4959e-05
1594.67 , 0.999935 , 6.46921e-05
1594.77 , 0.999936 , 6.44269e-05
1594.87 , 0.999936 , 6.41634e-05
1594.97 , 0.999936 , 6.39017e-05
1595.07 , 0.999936 , 6.36418e-05
1595.17 , 0.999937 , 6.33835e-05
1595.27 , 0.999937 , 6.3127e-05
1595.37 , 0.999937 , 6.28721e-05
1595.47 , 0.999937 , 6.26189e-05
1595.57 , 0.999938 , 6.23674e-05
1595.67 , 0.999938 , 6.21174e-05
1595.77 , 0.999938 , 6.18692e-05
1595.87 , 0.999938 , 6.16225e-05
1595.97 , 0.999939 , 6.13774e-05
1596.07 , 0.999939 , 6.11339e-05
1596.17 , 0.999939 , 6.0892e-05
1596.27 , 0.999939 , 6.06516e-05
1596.37 , 0.99994 , 6.04128e-05
1596.47 , 0.99994 , 6.01755e-05
1596.57 , 0.99994 , 5.99398e-05
1596.67 , 0.99994 , 5.97055e-05
1596.77 , 0.999941 , 5.94727e-05
1596.87 , 0.999941 , 5.92414e-05
1596.97 , 0.999941 , 5.90116e-05
1597.07 , 0.999941 , 5.87832e-05
1597.17 , 0.999941 , 5.85563e-05
1597.27 , 0.999942 , 5.83308e-05
1597.37 , 0.999942 , 5.81067e-05
1597.47 , 0.999942 , 5.7884e-05
1597.57 , 0.999942 , 5.76627e-05
1597.67 , 0.999943 , 5.74428e-05
1597.77 , 0.999943 , 5.72242e-05
1597.87 , 0.999943 , 5.7007e-05
1597.97 , 0.999943 , 5.67912e-05
1598.07 , 0.999943 , 5.65767e-05
1598.17 , 0.999944 , 5.63635e-05
1598.27 , 0.999944 , 5.61517e-05
1598.37 , 0.999944 , 5.59411e-05
1598.47 , 0.999944 , 5.57319e-05
1598.57 , 0.999944 , 5.55239e-05
1598.67 , 0.999945 , 5.53172e-05
1598.77 , 0.999945 , 5.51118e-05
1598.87 , 0.999945 , 5.49076e-05
1598.97 , 0.999945 , 5.47046e-05
1599.07 , 0.999945 , 5.45029e-05
1599.17 , 0.999946 , 5.43024e-05
1599.27 , 0.999946 , 5.41031e-05
1599.37 , 0.999946 , 5.3905e-05
1599.47 , 0.999946 , 5.37082e-05
1599.57 , 0.999946 , 5.35124e-05
1599.67 , 0.999947 , 5.33179e-05
1599.77 , 0.999947 , 5.31245e-05
1599.87 , 0.999947 , 5.29323e-05
1599.97 , 0.999947 , 5.27413e-05
1600.08 , 0.999947 , 5.25513e-05
1600.18 , 0.999948 , 5.23625e-05
1600.28 , 0.999948 , 5.21748e-05
1600.38 , 0.999948 , 5.19883e-05
1600.48 , 0.999948 , 5.18028e-05
1600.58 , 0.999948 , 5.16184e-05
1600.68 , 0.999949 , 5.14351e-05
1600.78 , 0.999949 , 5.12529e-05
1600.88 , 0.999949 , 5.10717e-05
1600.98 , 0.999949 , 5.08916e-05
1601.08 , 0.999949 , 5.07125e-05
1601.18 , 0.999949 , 5.05345e-05
1601.28 , 0.99995 , 5.03576e-05
1601.38 , 0.99995 , 5.01816e-05
1601.48 , 0.99995 , 5.00067e-05
1601.58 , 0.99995 , 4.98328e-05
1601.68 , 0.99995 , 4.96598e-05
1601.78 , 0.999951 , 4.94879e-05
1601.88 , 0.999951 , 4.9317e-05
1601.98 , 0.999951 , 4.9147e-05
1602.08 , 0.999951 , 4.8978e-05
1602.18 , 0.999951 , 4.881e-05
1602.28 , 0.999951 , 4.8643e-05
1602.38 , 0.999952 , 4.84769e-05
1602.48 , 0.999952 , 4.83117e-05
1602.58 , 0.999952 , 4.81475e-05
1602.68 , 0.999952 , 4.79841e-05
1602.78 , 0.999952 , 4.78218e-05
1602.88 , 0.999952 , 4.76603e-05
1602.98 , 0.999953 , 4.74997e-05
1603.08 , 0.999953 , 4.73401e-05
1603.18 , 0.999953 , 4.71813e-05
1603.28 , 0.999953 , 4.70234e-05
1603.38 , 0.999953 , 4.68664e-05
1603.48 , 0.999953 , 4.67103e-05
1603.58 , 0.999953 , 4.65551e-05
1603.68 , 0.999954 , 4.64007e-05
1603.78 , 0.999954 , 4.62472e-05
1603.88 , 0.999954 , 4.60945e-05
1603.98 , 0.999954 , 4.59426e-05
1604.08 , 0.999954 , 4.57916e-05
1604.18 , 0.999954 , 4.56414e-05
1604.28 , 0.999955 , 4.54921e-05
1604.38 , 0.999955 , 4.53436e-05
1604.48 , 0.999955 , 4.51958e-05
1604.58 , 0.999955 , 4.50489e-05
1604.68 , 0.999955 , 4.49028e-05
1604.78 , 0.999955 , 4.47575e-05
1604.88 , 0.999955 , 4.4613e-05
1604.98 , 0.999956 , 4.44692e-05
1605.08 , 0.999956 , 4.43263e-05
1605.18 , 0.999956 , 4.41841e-05
1605.28 , 0.999956 , 4.40426e-05
1605.38 , 0.999956 , 4.3902e-05
1605.48 , 0.999956 , 4.37621e-05
1605.58 , 0.999956 , 4.36229e-05
1605.68 , 0.999957 , 4.34845e-05
1605.78 , 0.999957 , 4.33468e-05
1605.88 , 0.999957 , 4.32099e-05
1605.98 , 0.999957 , 4.30737e-05
1606.08 , 0.999957 , 4.29382e-05
1606.18 , 0.999957 , 4.28034e-05
1606.28 , 0.999957 , 4.26694e-05
1606.38 , 0.999957 , 4.2536e-05
1606.48 , 0.999958 , 4.24034e-05
1606.58 , 0.999958 , 4.22714e-05
1606.68 , 0.999958 , 4.21402e-05
1606.78 , 0.999958 , 4.20096e-05
1606.88 , 0.999958 , 4.18797e-05
1606.98 , 0.999958 , 4.17505e-05
1607.08 , 0.999958 , 4.1622e-05
1607.18 , 0.999959 , 4.14942e-05
1607.28 , 0.999959 , 4.1367e-05
1607.38 , 0.999959 , 4.12405e-05
1607.48 , 0.999959 , 4.11146e-05
1607.58 , 0.999959 , 4.09894e-05
1607.68 , 0.999959 , 4.08648e-05
1607.78 , 0.999959 , 4.07409e-05
1607.88 , 0.999959 , 4.06176e-05
1607.98 , 0.99996 , 4.04949e-05
1608.08 , 0.99996 , 4.03729e-05
1608.18 , 0.99996 , 4.02515e-05
1608.28 , 0.99996 , 4.01308e-05
1608.38 , 0.99996 , 4.00106e-05
1608.48 , 0.99996 , 3.9891e-05
1608.58 , 0.99996 , 3.97721e-05
1608.68 , 0.99996 , 3.96538e-05
1608.78 , 0.99996 , 3.9536e-05
1608.88 , 0.999961 , 3.94189e-05
1608.98 , 0.999961 , 3.93024e-05
1609.08 , 0.999961 , 3.91864e-05
1609.18 , 0.999961 , 3.9071e-05
1609.28 , 0.999961 , 3.89563e-05
1609.38 , 0.999961 , 3.8842e-05
1609.48 , 0.999961 , 3.87284e-05
1609.58 , 0.999961 , 3.86153e-05
1609.68 , 0.999961 , 3.85028e-05
1609.78 , 0.999962 , 3.83909e-05
1609.88 , 0.999962 , 3.82795e-05
1609.98 , 0.999962 , 3.81687e-05
1610.08 , 0.999962 , 3.80584e-05
1610.18 , 0.999962 , 3.79487e-05
1610.28 , 0.999962 , 3.78395e-05
1610.38 , 0.999962 , 3.77308e-05
1610.48 , 0.999962 , 3.76227e-05
1610.58 , 0.999962 , 3.75151e-05
1610.68 , 0.999963 , 3.74081e-05
1610.78 , 0.999963 , 3.73015e-05
1610.88 , 0.999963 , 3.71955e-05
1610.98 , 0.999963 , 3.70901e-05
1611.08 , 0.999963 , 3.69851e-05
1611.18 , 0.999963 , 3.68806e-05
1611.28 , 0.999963 , 3.67767e-05
1611.38 , 0.999963 , 3.66732e-05
1611.48 , 0.999963 , 3.65703e-05
1611.58 , 0.999964 , 3.64679e-05
1611.68 , 0.999964 , 3.63659e-05
1611.78 , 0.999964 , 3.62645e-05
1611.88 , 0.999964 , 3.61635e-05
1611.98 , 0.999964 , 3.6063e-05
1612.08 , 0.999964 , 3.5963e-05
1612.18 , 0.999964 , 3.58635e-05
1612.28 , 0.999964 , 3.57645e-05
1612.38 , 0.999964 , 3.56659e-05
1612.48 , 0.999964 , 3.55678e-05
1612.58 , 0.999965 , 3.54702e-05
1612.68 , 0.999965 , 3.53731e-05
1612.78 , 0.999965 , 3.52764e-05
1612.88 , 0.999965 , 3.51801e-05
1612.98 , 0.999965 , 3.50843e-05
1613.08 , 0.999965 , 3.4989e-05
1613.18 , 0.999965 , 3.48942e-05
1613.28 , 0.999965 , 3.47997e-05
1613.38 , 0.999965 , 3.47057e-05
1613.48 , 0.999965 , 3.46122e-05
1613.58 , 0.999965 , 3.45191e-05
1613.68 , 0.999966 , 3.44264e-05
1613.78 , 0.999966 , 3.43342e-05
1613.88 , 0.999966 , 3.42424e-05
1613.98 , 0.999966 , 3.41511e-05
1614.08 , 0.999966 , 3.40601e-05
1614.18 , 0.999966 , 3.39696e-05
1614.28 , 0.999966 , 3.38795e-05
1614.38 , 0.999966 , 3.37898e-05
1614.48 , 0.999966 , 3.37006e-05
1614.58 , 0.999966 , 3.36117e-05
1614.68 , 0.999966 , 3.35233e-05
1614.78 , 0.999967 , 3.34352e-05
1614.88 , 0.999967 , 3.33476e-05
1614.98 , 0.999967 , 3.32604e-05
1615.08 , 0.999967 , 3.31736e-05
1615.18 , 0.999967 , 3.30872e-05
1615.28 , 0.999967 , 3.30011e-05
1615.38 , 0.999967 , 3.29155e-05
1615.48 , 0.999967 , 3.28303e-05
1615.58 , 0.999967 , 3.27454e-05
1615.68 , 0.999967 , 3.26609e-05
1615.78 , 0.999967 , 3.25769e-05
1615.88 , 0.999968 , 3.24932e-05
1615.98 , 0.999968 , 3.24098e-05
1616.08 , 0.999968 , 3.23269e-05
1616.18 , 0.999968 , 3.22443e-05
1616.28 , 0.999968 , 3.21621e-05
1616.38 , 0.999968 , 3.20803e-05
1616.48 , 0.999968 , 3.19988e-05
1616.58 , 0.999968 , 3.19177e-05
1616.68 , 0.999968 , 3.1837e-05
1616.78 , 0.999968 , 3.17567e-05
1616.88 , 0.999968 , 3.16766e-05
1616.98 , 0.999968 , 3.1597e-05
1617.08 , 0.999968 , 3.15177e-05
1617.18 , 0.999969 , 3.14388e-05
1617.28 , 0.999969 , 3.13602e-05
1617.38 , 0.999969 , 3.12819e-05
1617.48 , 0.999969 , 3.1204e-05
1617.58 , 0.999969 , 3.11265e-05
1617.68 , 0.999969 , 3.10493e-05
1617.78 , 0.999969 , 3.09724e-05
1617.88 , 0.999969 , 3.08959e-05
1617.98 , 0.999969 , 3.08197e-05
1618.08 , 0.999969 , 3.07439e-05
1618.18 , 0.999969 , 3.06684e-05
1618.28 , 0.999969 , 3.05932e-05
1618.38 , 0.999969 , 3.05183e-05
1618.48 , 0.99997 , 3.04438e-05
1618.58 , 0.99997 , 3.03696e-05
1618.68 , 0.99997 , 3.02957e-05
1618.78 , 0.99997 , 3.02221e-05
1618.88 , 0.99997 , 3.01489e-05
1618.98 , 0.99997 , 3.0076e-05
1619.08 , 0.99997 , 3.00034e-05
1619.18 , 0.99997 , 2.99311e-05
1619.28 , 0.99997 , 2.98591e-05
1619.38 , 0.99997 , 2.97874e-05
1619.48 , 0.99997 , 2.97161e-05
1619.58 , 0.99997 , 2.9645e-05
1619.68 , 0.99997 , 2.95743e-05
1619.78 , 0.99997 , 2.95039e-05
1619.88 , 0.999971 , 2.94337e-05
1619.98 , 0.999971 , 2.93639e-05
1620.09 , 0.999971 , 2.92943e-05
1620.19 , 0.999971 , 2.92251e-05
1620.29 , 0.999971 , 2.91562e-05
1620.39 , 0.999971 , 2.90875e-05
1620.49 , 0.999971 , 2.90191e-05
1620.59 , 0.999971 , 2.89511e-05
1620.69 , 0.999971 , 2.88833e-05
1620.79 , 0.999971 , 2.88158e-05
1620.89 , 0.999971 , 2.87486e-05
1620.99 , 0.999971 , 2.86817e-05
1621.09 , 0.999971 , 2.8615e-05
1621.19 , 0.999971 , 2.85487e-05
1621.29 , 0.999972 , 2.84826e-05
1621.39 , 0.999972 , 2.84168e-05
1621.49 , 0.999972 , 2.83513e-05
1621.59 , 0.999972 , 2.8286e-05
1621.69 , 0.999972 , 2.8221e-05
1621.79 , 0.999972 , 2.81563e-05
1621.89 , 0.999972 , 2.80919e-05
1621.99 , 0.999972 , 2.80277e-05
1622.09 , 0.999972 , 2.79638e-05
1622.19 , 0.999972 , 2.79002e-05
1622.29 , 0.999972 , 2.78368e-05
1622.39 , 0.999972 , 2.77737e-05
1622.49 , 0.999972 , 2.77109e-05
1622.59 , 0.999972 , 2.76483e-05
1622.69 , 0.999972 , 2.7586e-05
1622.79 , 0.999972 , 2.75239e-05
1622.89 , 0.999973 , 2.74621e-05
1622.99 , 0.999973 , 2.74005e-05
1623.09 , 0.999973 , 2.73392e-05
1623.19 , 0.999973 , 2.72782e-05
1623.29 , 0.999973 , 2.72174e-05
1623.39 , 0.999973 , 2.71568e-05
1623.49 , 0.999973 , 2.70965e-05
1623.59 , 0.999973 , 2.70364e-05
1623.69 , 0.999973 , 2.69766e-05
1623.79 , 0.999973 , 2.69171e-05
1623.89 , 0.999973 , 2.68577e-05
1623.99 , 0.999973 , 2.67986e-05
1624.09 , 0.999973 , 2.67398e-05
1624.19 , 0.999973 , 2.66812e-05
1624.29 , 0.999973 , 2.66228e-05
1624.39 , 0.999973 , 2.65647e-05
1624.49 , 0.999973 , 2.65068e-05
1624.59 , 0.999974 , 2.64491e-05
1624.69 , 0.999974 , 2.63917e-05
1624.79 , 0.999974 , 2.63345e-05
1624.89 , 0.999974 , 2.62775e-05
1624.99 , 0.999974 , 2.62208e-05
1625.09 , 0.999974 , 2.61642e-05
1625.19 , 0.999974 , 2.61079e-05
1625.29 , 0.999974 , 2.60519e-05
1625.39 , 0.999974 , 2.5996e-05
1625.49 , 0.999974 , 2.59404e-05
1625.59 , 0.999974 , 2.5885e-05
1625.69 , 0.999974 , 2.58298e-05
1625.79 , 0.999974 , 2.57749e-05
1625.89 , 0.999974 , 2.57201e-05
1625.99 , 0.999974 , 2.56656e-05
1626.09 , 0.999974 , 2.56113e-05
1626.19 , 0.999974 , 2.55572e-05
1626.29 , 0.999974 , 2.55033e-05
1626.39 , 0.999975 , 2.54497e-05
1626.49 , 0.999975 , 2.53962e-05
1626.59 , 0.999975 , 2.5343e-05
1626.69 , 0.999975 , 2.52899e-05
1626.79 , 0.999975 , 2.52371e-05
1626.89 , 0.999975 , 2.51845e-05
1626.99 , 0.999975 , 2.51321e-05
1627.09 , 0.999975 , 2.50799e-05
1627.19 , 0.999975 , 2.50279e-05
1627.29 , 0.999975 , 2.49761e-05
1627.39 , 0.999975 , 2.49245e-05
1627.49 , 0.999975 , 2.48731e-05
1627.59 , 0.999975 , 2.48219e-05
1627.69 , 0.999975 , 2.47709e-05
1627.79 , 0.999975 , 2.47201e-05
1627.89 , 0.999975 , 2.46695e-05
1627.99 , 0.999975 , 2.46191e-05
1628.09 , 0.999975 , 2.45688e-05
1628.19 , 0.999975 , 2.45188e-05
1628.29 , 0.999976 , 2.4469e-05
1628.39 , 0.999976 , 2.44194e-05
1628.49 , 0.999976 , 2.43699e-05
1628.59 , 0.999976 , 2.43207e-05
1628.69 , 0.999976 , 2.42716e-05
1628.79 , 0.999976 , 2.42227e-05
1628.89 , 0.999976 , 2.4174e-05
1628.99 , 0.999976 , 2.41255e-05
1629.09 , 0.999976 , 2.40772e-05
1629.19 , 0.999976 , 2.40291e-05
1629.29 , 0.999976 , 2.39811e-05
1629.39 , 0.999976 , 2.39334e-05
1629.49 , 0.999976 , 2.38858e-05
1629.59 , 0.999976 , 2.38384e-05
1629.69 , 0.999976 , 2.37911e-05
1629.79 , 0.999976 , 2.37441e-05
1629.89 , 0.999976 , 2.36972e-05
1629.99 , 0.999976 , 2.36505e-05
1630.09 , 0.999976 , 2.3604e-05
1630.19 , 0.999976 , 2.35577e-05
1630.29 , 0.999976 , 2.35115e-05
1630.39 , 0.999977 , 2.34655e-05
1630.49 , 0.999977 , 2.34197e-05
1630.59 , 0.999977 , 2.33741e-05
1630.69 , 0.999977 , 2.33286e-05
1630.79 , 0.999977 , 2.32833e-05
1630.89 , 0.999977 , 2.32381e-05
1630.99 , 0.999977 , 2.31932e-05
1631.09 , 0.999977 , 2.31484e-05
1631.19 , 0.999977 , 2.31038e-05
1631.29 , 0.999977 , 2.30593e-05
1631.39 , 0.999977 , 2.3015e-05
1631.49 , 0.999977 , 2.29709e-05
1631.59 , 0.999977 , 2.29269e-05
1631.69 , 0.999977 , 2.28831e-05
1631.79 , 0.999977 , 2.28394e-05
1631.89 , 0.999977 , 2.27959e-05
1631.99 , 0.999977 , 2.27526e-05
1632.09 , 0.999977 , 2.27095e-05
1632.19 , 0.999977 , 2.26665e-05
1632.29 , 0.999977 , 2.26236e-05
1632.39 , 0.999977 , 2.25809e-05
1632.49 , 0.999977 , 2.25384e-05
1632.59 , 0.999978 , 2.2496e-05
1632.69 , 0.999978 , 2.24538e-05
1632.79 , 0.999978 , 2.24117e-05
1632.89 , 0.999978 , 2.23698e-05
1632.99 , 0.999978 , 2.23281e-05
1633.09 , 0.999978 , 2.22865e-05
1633.19 , 0.999978 , 2.2245e-05
1633.29 , 0.999978 , 2.22037e-05
1633.39 , 0.999978 , 2.21626e-05
1633.49 , 0.999978 , 2.21216e-05
1633.59 , 0.999978 , 2.20807e-05
1633.69 , 0.999978 , 2.204e-05
1633.79 , 0.999978 , 2.19995e-05
1633.89 , 0.999978 , 2.19591e-05
1633.99 , 0.999978 , 2.19188e-05
1634.09 , 0.999978 , 2.18787e-05
1634.19 , 0.999978 , 2.18387e-05
1634.29 , 0.999978 , 2.17989e-05
1634.39 , 0.999978 , 2.17592e-05
1634.49 , 0.999978 , 2.17197e-05
1634.59 , 0.999978 , 2.16803e-05
1634.69 , 0.999978 , 2.1641e-05
1634.79 , 0.999978 , 2.16019e-05
1634.89 , 0.999978 , 2.15629e-05
1634.99 , 0.999978 , 2.15241e-05
1635.09 , 0.999979 , 2.14854e-05
1635.19 , 0.999979 , 2.14468e-05
1635.29 , 0.999979 , 2.14084e-05
1635.39 , 0.999979 , 2.13701e-05
1635.49 , 0.999979 , 2.1332e-05
1635.59 , 0.999979 , 2.12939e-05
1635.69 , 0.999979 , 2.12561e-05
1635.79 , 0.999979 , 2.12183e-05
1635.89 , 0.999979 , 2.11807e-05
1635.99 , 0.999979 , 2.11432e-05
1636.09 , 0.999979 , 2.11059e-05
1636.19 , 0.999979 , 2.10687e-05
1636.29 , 0.999979 , 2.10316e-05
1636.39 , 0.999979 , 2.09947e-05
1636.49 , 0.999979 , 2.09578e-05
1636.59 , 0.999979 , 2.09212e-05
1636.69 , 0.999979 , 2.08846e-05
1636.79 , 0.999979 , 2.08482e-05
1636.89 , 0.999979 , 2.08119e-05
1636.99 , 0.999979 , 2.07757e-05
1637.09 , 0.999979 , 2.07396e-05
1637.19 , 0.999979 , 2.07037e-05
1637.29 , 0.999979 , 2.06679e-05
1637.39 , 0.999979 , 2.06323e-05
1637.49 , 0.999979 , 2.05967e-05
1637.59 , 0.999979 , 2.05613e-05
1637.69 , 0.999979 , 2.0526e-05
1637.79 , 0.99998 , 2.04908e-05
1637.89 , 0.99998 , 2.04558e-05
1637.99 , 0.99998 , 2.04208e-05
1638.09 , 0.99998 , 2.0386e-05
1638.19 , 0.99998 , 2.03513e-05
1638.29 , 0.99998 , 2.03168e-05
1638.39 , 0.99998 , 2.02823e-05
1638.49 , 0.99998 , 2.0248e-05
1638.59 , 0.99998 , 2.02138e-05
1638.69 , 0.99998 , 2.01797e-05
1638.79 , 0.99998 , 2.01457e-05
1638.89 , 0.99998 , 2.01118e-05
1638.99 , 0.99998 , 2.00781e-05
1639.09 , 0.99998 , 2.00445e-05
1639.19 , 0.99998 , 2.0011e-05
1639.29 , 0.99998 , 1.99776e-05
1639.39 , 0.99998 , 1.99443e-05
1639.49 , 0.99998 , 1.99111e-05
1639.59 , 0.99998 , 1.9878e-05
1639.69 , 0.99998 , 1.98451e-05
1639.79 , 0.99998 , 1.98123e-05
1639.89 , 0.99998 , 1.97796e-05
1639.99 , 0.99998 , 1.9747e-05
1640.1 , 0.99998 , 1.97145e-05
1640.2 , 0.99998 , 1.96821e-05
1640.3 , 0.99998 , 1.96498e-05
1640.4 , 0.99998 , 1.96176e-05
1640.5 , 0.99998 , 1.95856e-05
1640.6 , 0.99998 , 1.95536e-05
1640.7 , 0.99998 , 1.95218e-05
1640.8 , 0.999981 , 1.94901e-05
1640.9 , 0.999981 , 1.94584e-05
1641 , 0.999981 , 1.94269e-05
1641.1 , 0.999981 , 1.93955e-05
1641.2 , 0.999981 , 1.93642e-05
1641.3 , 0.999981 , 1.9333e-05
1641.4 , 0.999981 , 1.93019e-05
1641.5 , 0.999981 , 1.92709e-05
1641.6 , 0.999981 , 1.92401e-05
1641.7 , 0.999981 , 1.92093e-05
1641.8 , 0.999981 , 1.91786e-05
1641.9 , 0.999981 , 1.9148e-05
1642 , 0.999981 , 1.91175e-05
1642.1 , 0.999981 , 1.90872e-05
1642.2 , 0.999981 , 1.90569e-05
1642.3 , 0.999981 , 1.90267e-05
1642.4 , 0.999981 , 1.89967e-05
1642.5 , 0.999981 , 1.89667e-05
1642.6 , 0.999981 , 1.89368e-05
1642.7 , 0.999981 , 1.89071e-05
1642.8 , 0.999981 , 1.88774e-05
1642.9 , 0.999981 , 1.88478e-05
1643 , 0.999981 , 1.88184e-05
1643.1 , 0.999981 , 1.8789e-05
1643.2 , 0.999981 , 1.87597e-05
1643.3 , 0.999981 , 1.87305e-05
1643.4 , 0.999981 , 1.87014e-05
1643.5 , 0.999981 , 1.86724e-05
1643.6 , 0.999981 , 1.86436e-05
1643.7 , 0.999981 , 1.86148e-05
1643.8 , 0.999981 , 1.85861e-05
1643.9 , 0.999981 , 1.85574e-05
1644 , 0.999981 , 1.85289e-05
1644.1 , 0.999981 , 1.85005e-05
1644.2 , 0.999982 , 1.84722e-05
1644.3 , 0.999982 , 1.8444e-05
1644.4 , 0.999982 , 1.84158e-05
1644.5 , 0.999982 , 1.83878e-05
1644.6 , 0.999982 , 1.83598e-05
1644.7 , 0.999982 , 1.83319e-05
1644.8 , 0.999982 , 1.83042e-05
1644.9 , 0.999982 , 1.82765e-05
1645 , 0.999982 , 1.82489e-05
1645.1 , 0.999982 , 1.82214e-05
1645.2 , 0.999982 , 1.8194e-05
1645.3 , 0.999982 , 1.81666e-05
1645.4 , 0.999982 , 1.81394e-05
1645.5 , 0.999982 , 1.81123e-05
1645.6 , 0.999982 , 1.80852e-05
1645.7 , 0.999982 , 1.80582e-05
1645.8 , 0.999982 , 1.80313e-05
1645.9 , 0.999982 , 1.80045e-05
1646 , 0.999982 , 1.79778e-05
1646.1 , 0.999982 , 1.79512e-05
1646.2 , 0.999982 , 1.79247e-05
1646.3 , 0.999982 , 1.78982e-05
1646.4 , 0.999982 , 1.78718e-05
1646.5 , 0.999982 , 1.78456e-05
1646.6 , 0.999982 , 1.78194e-05
1646.7 , 0.999982 , 1.77933e-05
1646.8 , 0.999982 , 1.77672e-05
1646.9 , 0.999982 , 1.77413e-05
1647 , 0.999982 , 1.77154e-05
1647.1 , 0.999982 , 1.76896e-05
1647.2 , 0.999982 , 1.76639e-05
1647.3 , 0.999982 , 1.76383e-05
1647.4 , 0.999982 , 1.76128e-05
1647.5 , 0.999982 , 1.75873e-05
1647.6 , 0.999982 , 1.7562e-05
1647.7 , 0.999982 , 1.75367e-05
1647.8 , 0.999982 , 1.75115e-05
1647.9 , 0.999983 , 1.74863e-05
1648 , 0.999983 , 1.74613e-05
1648.1 , 0.999983 , 1.74363e-05
1648.2 , 0.999983 , 1.74114e-05
1648.3 , 0.999983 , 1.73866e-05
1648.4 , 0.999983 , 1.73619e-05
1648.5 , 0.999983 , 1.73372e-05
1648.6 , 0.999983 , 1.73127e-05
1648.7 , 0.999983 , 1.72882e-05
1648.8 , 0.999983 , 1.72637e-05
1648.9 , 0.999983 , 1.72394e-05
1649 , 0.999983 , 1.72151e-05
1649.1 , 0.999983 , 1.71909e-05
1649.2 , 0.999983 , 1.71668e-05
1649.3 , 0.999983 , 1.71428e-05
1649.4 , 0.999983 , 1.71188e-05
1649.5 , 0.999983 , 1.70949e-05
1649.6 , 0.999983 , 1.70711e-05
1649.7 , 0.999983 , 1.70474e-05
1649.8 , 0.999983 , 1.70237e-05
1649.9 , 0.999983 , 1.70001e-05
1650 , 0.999983 , 1.69766e-05
