1450 , 1 , 4.96248e-07
1450.1 , 1 , 4.96819e-07
1450.2 , 1 , 4.97391e-07
1450.3 , 1 , 4.97966e-07
1450.4 , 1 , 4.98544e-07
1450.5 , 1 , 4.99123e-07
1450.6 , 1 , 4.99705e-07
1450.7 , 0.999999 , 5.00289e-07
1450.8 , 0.999999 , 5.00876e-07
1450.9 , 0.999999 , 5.01465e-07
1451 , 0.999999 , 5.02056e-07
1451.1 , 0.999999 , 5.0265e-07
1451.2 , 0.999999 , 5.03246e-07
1451.3 , 0.999999 , 5.03844e-07
1451.4 , 0.999999 , 5.04445e-07
1451.5 , 0.999999 , 5.05048e-07
1451.6 , 0.999999 , 5.05654e-07
1451.7 , 0.999999 , 5.06262e-07
1451.8 , 0.999999 , 5.06872e-07
1451.9 , 0.999999 , 5.07485e-07
1452 , 0.999999 , 5.081e-07
1452.1 , 0.999999 , 5.08718e-07
1452.2 , 0.999999 , 5.09338e-07
1452.3 , 0.999999 , 5.0996e-07
1452.4 , 0.999999 , 5.10585e-07
1452.5 , 0.999999 , 5.11213e-07
1452.6 , 0.999999 , 5.11843e-07
1452.7 , 0.999999 , 5.12475e-07
1452.8 , 0.999999 , 5.1311e-07
1452.9 , 0.999999 , 5.13748e-07
1453 , 0.999999 , 5.14388e-07
1453.1 , 0.999999 , 5.15031e-07
1453.2 , 0.999999 , 5.15676e-07
1453.3 , 0.999999 , 5.16323e-07
1453.4 , 0.999999 , 5.16974e-07
1453.5 , 0.999999 , 5.17626e-07
1453.6 , 0.999999 , 5.18282e-07
1453.7 , 0.999999 , 5.1894e-07
1453.8 , 0.999999 , 5.196e-07
1453.9 , 0.999999 , 5.20264e-07
1454 , 0.999999 , 5.20929e-07
1454.1 , 0.999999 , 5.21598e-07
1454.2 , 0.999999 , 5.22269e-07
1454.3 , 0.999999 , 5.22943e-07
1454.4 , 0.999999 , 5.23619e-07
1454.5 , 0.999999 , 5.24298e-07
1454.6 , 0.999999 , 5.2498e-07
1454.7 , 0.999999 , 5.25664e-07
1454.8 , 0.999999 , 5.26351e-07
1454.9 , 0.999999 , 5.27041e-07
1455 , 0.999999 , 5.27734e-07
1455.1 , 0.999999 , 5.28429e-07
1455.2 , 0.999999 , 5.29127e-07
1455.3 , 0.999999 , 5.29828e-07
1455.4 , 0.999999 , 5.30531e-07
1455.5 , 0.999999 , 5.31238e-07
1455.6 , 0.999999 , 5.31947e-07
1455.7 , 0.999999 , 5.32659e-07
1455.8 , 0.999999 , 5.33373e-07
1455.9 , 0.999999 , 5.34091e-07
1456 , 0.999999 , 5.34811e-07
1456.1 , 0.999999 , 5.35534e-07
1456.2 , 0.999999 , 5.3626e-07
1456.3 , 0.999999 , 5.36989e-07
1456.4 , 0.999999 , 5.37721e-07
1456.5 , 0.999999 , 5.38456e-07
1456.6 , 0.999999 , 5.39193e-07
1456.7 , 0.999999 , 5.39934e-07
1456.8 , 0.999999 , 5.40677e-07
1456.9 , 0.999999 , 5.41423e-07
1457 , 0.999999 , 5.42172e-07
1457.1 , 0.999999 , 5.42925e-07
1457.2 , 0.999999 , 5.4368e-07
1457.3 , 0.999999 , 5.44438e-07
1457.4 , 0.999999 , 5.45199e-07
1457.5 , 0.999999 , 5.45963e-07
1457.6 , 0.999999 , 5.4673e-07
1457.7 , 0.999999 , 5.475e-07
1457.8 , 0.999999 , 5.48274e-07
1457.9 , 0.999999 , 5.4905e-07
1458 , 0.999999 , 5.49829e-07
1458.1 , 0.999999 , 5.50611e-07
1458.2 , 0.999999 , 5.51397e-07
1458.3 , 0.999999 , 5.52185e-07
1458.4 , 0.999999 , 5.52977e-07
1458.5 , 0.999999 , 5.53772e-07
1458.6 , 0.999999 , 5.5457e-07
1458.7 , 0.999999 , 5.55371e-07
1458.8 , 0.999999 , 5.56175e-07
1458.9 , 0.999999 , 5.56982e-07
1459 , 0.999999 , 5.57793e-07
1459.1 , 0.999999 , 5.58607e-07
1459.2 , 0.999999 , 5.59424e-07
1459.3 , 0.999999 , 5.60244e-07
1459.4 , 0.999999 , 5.61068e-07
1459.5 , 0.999999 , 5.61894e-07
1459.6 , 0.999999 , 5.62724e-07
1459.7 , 0.999999 , 5.63558e-07
1459.8 , 0.999999 , 5.64394e-07
1459.9 , 0.999999 , 5.65234e-07
1460.01 , 0.999999 , 5.66077e-07
1460.11 , 0.999999 , 5.66924e-07
1460.21 , 0.999999 , 5.67774e-07
1460.31 , 0.999999 , 5.68627e-07
1460.41 , 0.999999 , 5.69483e-07
1460.51 , 0.999999 , 5.70343e-07
1460.61 , 0.999999 , 5.71207e-07
1460.71 , 0.999999 , 5.72074e-07
1460.81 , 0.999999 , 5.72944e-07
1460.91 , 0.999999 , 5.73818e-07
1461.01 , 0.999999 , 5.74695e-07
1461.11 , 0.999999 , 5.75575e-07
1461.21 , 0.999999 , 5.7646e-07
1461.31 , 0.999999 , 5.77347e-07
1461.41 , 0.999999 , 5.78238e-07
1461.51 , 0.999999 , 5.79133e-07
1461.61 , 0.999999 , 5.80031e-07
1461.71 , 0.999999 , 5.80933e-07
1461.81 , 0.999999 , 5.81839e-07
1461.91 , 0.999999 , 5.82748e-07
1462.01 , 0.999999 , 5.8366e-07
1462.11 , 0.999999 , 5.84577e-07
1462.21 , 0.999999 , 5.85497e-07
1462.31 , 0.999999 , 5.8642e-07
1462.41 , 0.999999 , 5.87347e-07
1462.51 , 0.999999 , 5.88278e-07
1462.61 , 0.999999 , 5.89213e-07
1462.71 , 0.999999 , 5.90151e-07
1462.81 , 0.999999 , 5.91094e-07
1462.91 , 0.999999 , 5.92039e-07
1463.01 , 0.999999 , 5.92989e-07
1463.11 , 0.999999 , 5.93943e-07
1463.21 , 0.999999 , 5.949e-07
1463.31 , 0.999999 , 5.95861e-07
1463.41 , 0.999999 , 5.96826e-07
1463.51 , 0.999999 , 5.97795e-07
1463.61 , 0.999999 , 5.98767e-07
1463.71 , 0.999999 , 5.99744e-07
1463.81 , 0.999999 , 6.00724e-07
1463.91 , 0.999999 , 6.01709e-07
1464.01 , 0.999999 , 6.02697e-07
1464.11 , 0.999999 , 6.03689e-07
1464.21 , 0.999999 , 6.04686e-07
1464.31 , 0.999999 , 6.05686e-07
1464.41 , 0.999999 , 6.0669e-07
1464.51 , 0.999999 , 6.07698e-07
1464.61 , 0.999999 , 6.08711e-07
1464.71 , 0.999999 , 6.09727e-07
1464.81 , 0.999999 , 6.10748e-07
1464.91 , 0.999999 , 6.11772e-07
1465.01 , 0.999999 , 6.12801e-07
1465.11 , 0.999999 , 6.13834e-07
1465.21 , 0.999999 , 6.14871e-07
1465.31 , 0.999999 , 6.15912e-07
1465.41 , 0.999999 , 6.16958e-07
1465.51 , 0.999999 , 6.18007e-07
1465.61 , 0.999999 , 6.19061e-07
1465.71 , 0.999999 , 6.20119e-07
1465.81 , 0.999999 , 6.21182e-07
1465.91 , 0.999999 , 6.22248e-07
1466.01 , 0.999999 , 6.2332e-07
1466.11 , 0.999999 , 6.24395e-07
1466.21 , 0.999999 , 6.25475e-07
1466.31 , 0.999999 , 6.26559e-07
1466.41 , 0.999999 , 6.27647e-07
1466.51 , 0.999999 , 6.2874e-07
1466.61 , 0.999999 , 6.29837e-07
1466.71 , 0.999999 , 6.30939e-07
1466.81 , 0.999999 , 6.32046e-07
1466.91 , 0.999999 , 6.33156e-07
1467.01 , 0.999999 , 6.34272e-07
1467.11 , 0.999999 , 6.35391e-07
1467.21 , 0.999999 , 6.36516e-07
1467.31 , 0.999999 , 6.37645e-07
1467.41 , 0.999999 , 6.38778e-07
1467.51 , 0.999999 , 6.39917e-07
1467.61 , 0.999999 , 6.41059e-07
1467.71 , 0.999999 , 6.42207e-07
1467.81 , 0.999999 , 6.43359e-07
1467.91 , 0.999999 , 6.44516e-07
1468.01 , 0.999999 , 6.45678e-07
1468.11 , 0.999999 , 6.46844e-07
1468.21 , 0.999999 , 6.48015e-07
1468.31 , 0.999999 , 6.49191e-07
1468.41 , 0.999999 , 6.50372e-07
1468.51 , 0.999999 , 6.51558e-07
1468.61 , 0.999999 , 6.52748e-07
1468.71 , 0.999999 , 6.53944e-07
1468.81 , 0.999999 , 6.55144e-07
1468.91 , 0.999999 , 6.5635e-07
1469.01 , 0.999999 , 6.5756e-07
1469.11 , 0.999999 , 6.58775e-07
1469.21 , 0.999999 , 6.59995e-07
1469.31 , 0.999999 , 6.61221e-07
1469.41 , 0.999999 , 6.62451e-07
1469.51 , 0.999999 , 6.63687e-07
1469.61 , 0.999999 , 6.64927e-07
1469.71 , 0.999999 , 6.66173e-07
1469.81 , 0.999999 , 6.67424e-07
1469.91 , 0.999999 , 6.6868e-07
1470.01 , 0.999999 , 6.69941e-07
1470.11 , 0.999999 , 6.71207e-07
1470.21 , 0.999999 , 6.72479e-07
1470.31 , 0.999999 , 6.73756e-07
1470.41 , 0.999999 , 6.75039e-07
1470.51 , 0.999999 , 6.76326e-07
1470.61 , 0.999999 , 6.77619e-07
1470.71 , 0.999999 , 6.78918e-07
1470.81 , 0.999999 , 6.80222e-07
1470.91 , 0.999999 , 6.81531e-07
1471.01 , 0.999999 , 6.82846e-07
1471.11 , 0.999999 , 6.84166e-07
1471.21 , 0.999999 , 6.85492e-07
1471.31 , 0.999999 , 6.86823e-07
1471.41 , 0.999999 , 6.8816e-07
1471.51 , 0.999999 , 6.89503e-07
1471.61 , 0.999999 , 6.90851e-07
1471.71 , 0.999999 , 6.92205e-07
1471.81 , 0.999999 , 6.93564e-07
1471.91 , 0.999999 , 6.9493e-07
1472.01 , 0.999999 , 6.96301e-07
1472.11 , 0.999999 , 6.97678e-07
1472.21 , 0.999999 , 6.9906e-07
1472.31 , 0.999999 , 7.00449e-07
1472.41 , 0.999999 , 7.01843e-07
1472.51 , 0.999999 , 7.03243e-07
1472.61 , 0.999999 , 7.04649e-07
1472.71 , 0.999999 , 7.06061e-07
1472.81 , 0.999999 , 7.07479e-07
1472.91 , 0.999999 , 7.08904e-07
1473.01 , 0.999999 , 7.10334e-07
1473.11 , 0.999999 , 7.1177e-07
1473.21 , 0.999999 , 7.13212e-07
1473.31 , 0.999999 , 7.14661e-07
1473.41 , 0.999999 , 7.16115e-07
1473.51 , 0.999999 , 7.17576e-07
1473.61 , 0.999999 , 7.19043e-07
1473.71 , 0.999999 , 7.20517e-07
1473.81 , 0.999999 , 7.21996e-07
1473.91 , 0.999999 , 7.23482e-07
1474.01 , 0.999999 , 7.24975e-07
1474.11 , 0.999999 , 7.26474e-07
1474.21 , 0.999999 , 7.27979e-07
1474.31 , 0.999999 , 7.2949e-07
1474.41 , 0.999999 , 7.31009e-07
1474.51 , 0.999999 , 7.32533e-07
1474.61 , 0.999999 , 7.34065e-07
1474.71 , 0.999999 , 7.35602e-07
1474.81 , 0.999999 , 7.37147e-07
1474.91 , 0.999999 , 7.38698e-07
1475.01 , 0.999999 , 7.40256e-07
1475.11 , 0.999999 , 7.41821e-07
1475.21 , 0.999999 , 7.43392e-07
1475.31 , 0.999999 , 7.4497e-07
1475.41 , 0.999999 , 7.46555e-07
1475.51 , 0.999999 , 7.48147e-07
1475.61 , 0.999999 , 7.49746e-07
1475.71 , 0.999999 , 7.51352e-07
1475.81 , 0.999999 , 7.52965e-07
1475.91 , 0.999999 , 7.54584e-07
1476.01 , 0.999999 , 7.56211e-07
1476.11 , 0.999999 , 7.57845e-07
1476.21 , 0.999999 , 7.59486e-07
1476.31 , 0.999999 , 7.61135e-07
1476.41 , 0.999999 , 7.6279e-07
1476.51 , 0.999999 , 7.64453e-07
1476.61 , 0.999999 , 7.66123e-07
1476.71 , 0.999999 , 7.67801e-07
1476.81 , 0.999999 , 7.69486e-07
1476.91 , 0.999999 , 7.71178e-07
1477.01 , 0.999999 , 7.72877e-07
1477.11 , 0.999999 , 7.74585e-07
1477.21 , 0.999999 , 7.76299e-07
1477.31 , 0.999999 , 7.78022e-07
1477.41 , 0.999999 , 7.79752e-07
1477.51 , 0.999999 , 7.81489e-07
1477.61 , 0.999999 , 7.83235e-07
1477.71 , 0.999999 , 7.84988e-07
1477.81 , 0.999999 , 7.86749e-07
1477.91 , 0.999999 , 7.88517e-07
1478.01 , 0.999999 , 7.90294e-07
1478.11 , 0.999999 , 7.92078e-07
1478.21 , 0.999999 , 7.93871e-07
1478.31 , 0.999999 , 7.95671e-07
1478.41 , 0.999999 , 7.9748e-07
1478.51 , 0.999999 , 7.99296e-07
1478.61 , 0.999999 , 8.01121e-07
1478.71 , 0.999999 , 8.02954e-07
1478.81 , 0.999999 , 8.04795e-07
1478.91 , 0.999999 , 8.06644e-07
1479.01 , 0.999999 , 8.08502e-07
1479.11 , 0.999999 , 8.10368e-07
1479.21 , 0.999999 , 8.12243e-07
1479.31 , 0.999999 , 8.14126e-07
1479.41 , 0.999999 , 8.16017e-07
1479.51 , 0.999999 , 8.17917e-07
1479.61 , 0.999999 , 8.19826e-07
1479.71 , 0.999999 , 8.21743e-07
1479.81 , 0.999999 , 8.23669e-07
1479.91 , 0.999999 , 8.25604e-07
1480.02 , 0.999999 , 8.27548e-07
1480.12 , 0.999999 , 8.295e-07
1480.22 , 0.999999 , 8.31461e-07
1480.32 , 0.999999 , 8.33432e-07
1480.42 , 0.999999 , 8.35411e-07
1480.52 , 0.999999 , 8.37399e-07
1480.62 , 0.999999 , 8.39397e-07
1480.72 , 0.999999 , 8.41403e-07
1480.82 , 0.999999 , 8.43419e-07
1480.92 , 0.999999 , 8.45444e-07
1481.02 , 0.999999 , 8.47478e-07
1481.12 , 0.999999 , 8.49522e-07
1481.22 , 0.999999 , 8.51575e-07
1481.32 , 0.999999 , 8.53638e-07
1481.42 , 0.999999 , 8.5571e-07
1481.52 , 0.999999 , 8.57792e-07
1481.62 , 0.999999 , 8.59884e-07
1481.72 , 0.999999 , 8.61985e-07
1481.82 , 0.999999 , 8.64096e-07
1481.92 , 0.999999 , 8.66216e-07
1482.02 , 0.999999 , 8.68347e-07
1482.12 , 0.999999 , 8.70487e-07
1482.22 , 0.999999 , 8.72638e-07
1482.32 , 0.999999 , 8.74799e-07
1482.42 , 0.999999 , 8.76969e-07
1482.52 , 0.999999 , 8.7915e-07
1482.62 , 0.999999 , 8.81341e-07
1482.72 , 0.999999 , 8.83543e-07
1482.82 , 0.999999 , 8.85754e-07
1482.92 , 0.999999 , 8.87976e-07
1483.02 , 0.999999 , 8.90209e-07
1483.12 , 0.999999 , 8.92452e-07
1483.22 , 0.999999 , 8.94706e-07
1483.32 , 0.999999 , 8.9697e-07
1483.42 , 0.999999 , 8.99245e-07
1483.52 , 0.999999 , 9.01531e-07
1483.62 , 0.999999 , 9.03828e-07
1483.72 , 0.999999 , 9.06136e-07
1483.82 , 0.999999 , 9.08454e-07
1483.92 , 0.999999 , 9.10784e-07
1484.02 , 0.999999 , 9.13125e-07
1484.12 , 0.999999 , 9.15477e-07
1484.22 , 0.999999 , 9.1784e-07
1484.32 , 0.999999 , 9.20215e-07
1484.42 , 0.999999 , 9.22601e-07
1484.52 , 0.999999 , 9.24998e-07
1484.62 , 0.999999 , 9.27407e-07
1484.72 , 0.999999 , 9.29827e-07
1484.82 , 0.999999 , 9.3226e-07
1484.92 , 0.999999 , 9.34704e-07
1485.02 , 0.999999 , 9.37159e-07
1485.12 , 0.999999 , 9.39627e-07
1485.22 , 0.999999 , 9.42107e-07
1485.32 , 0.999999 , 9.44598e-07
1485.42 , 0.999999 , 9.47102e-07
1485.52 , 0.999999 , 9.49618e-07
1485.62 , 0.999999 , 9.52146e-07
1485.72 , 0.999999 , 9.54687e-07
1485.82 , 0.999999 , 9.57239e-07
1485.92 , 0.999999 , 9.59805e-07
1486.02 , 0.999999 , 9.62383e-07
1486.12 , 0.999999 , 9.64973e-07
1486.22 , 0.999999 , 9.67577e-07
1486.32 , 0.999999 , 9.70193e-07
1486.42 , 0.999999 , 9.72822e-07
1486.52 , 0.999999 , 9.75464e-07
1486.62 , 0.999999 , 9.78119e-07
1486.72 , 0.999999 , 9.80787e-07
1486.82 , 0.999999 , 9.83468e-07
1486.92 , 0.999999 , 9.86163e-07
1487.02 , 0.999999 , 9.88871e-07
1487.12 , 0.999999 , 9.91593e-07
1487.22 , 0.999999 , 9.94328e-07
1487.32 , 0.999999 , 9.97076e-07
1487.42 , 0.999999 , 9.99839e-07
1487.52 , 0.999999 , 1.00261e-06
1487.62 , 0.999999 , 1.00541e-06
1487.72 , 0.999999 , 1.00821e-06
1487.82 , 0.999999 , 1.01103e-06
1487.92 , 0.999999 , 1.01386e-06
1488.02 , 0.999999 , 1.01671e-06
1488.12 , 0.999999 , 1.01957e-06
1488.22 , 0.999999 , 1.02244e-06
1488.32 , 0.999999 , 1.02533e-06
1488.42 , 0.999999 , 1.02824e-06
1488.52 , 0.999999 , 1.03116e-06
1488.62 , 0.999999 , 1.03409e-06
1488.72 , 0.999999 , 1.03704e-06
1488.82 , 0.999999 , 1.04e-06
1488.92 , 0.999999 , 1.04298e-06
1489.02 , 0.999999 , 1.04598e-06
1489.12 , 0.999999 , 1.04899e-06
1489.22 , 0.999999 , 1.05201e-06
1489.32 , 0.999999 , 1.05505e-06
1489.42 , 0.999999 , 1.05811e-06
1489.52 , 0.999999 , 1.06118e-06
1489.62 , 0.999999 , 1.06427e-06
1489.72 , 0.999999 , 1.06737e-06
1489.82 , 0.999999 , 1.07049e-06
1489.92 , 0.999999 , 1.07363e-06
1490.02 , 0.999999 , 1.07678e-06
1490.12 , 0.999999 , 1.07995e-06
1490.22 , 0.999999 , 1.08313e-06
1490.32 , 0.999999 , 1.08633e-06
1490.42 , 0.999999 , 1.08955e-06
1490.52 , 0.999999 , 1.09279e-06
1490.62 , 0.999999 , 1.09604e-06
1490.72 , 0.999999 , 1.09931e-06
1490.82 , 0.999999 , 1.1026e-06
1490.92 , 0.999999 , 1.1059e-06
1491.02 , 0.999999 , 1.10922e-06
1491.12 , 0.999999 , 1.11256e-06
1491.22 , 0.999999 , 1.11591e-06
1491.32 , 0.999999 , 1.11929e-06
1491.42 , 0.999999 , 1.12268e-06
1491.52 , 0.999999 , 1.12609e-06
1491.62 , 0.999999 , 1.12952e-06
1491.72 , 0.999999 , 1.13296e-06
1491.82 , 0.999999 , 1.13643e-06
1491.92 , 0.999999 , 1.13991e-06
1492.02 , 0.999999 , 1.14341e-06
1492.12 , 0.999999 , 1.14693e-06
1492.22 , 0.999999 , 1.15047e-06
1492.32 , 0.999999 , 1.15403e-06
1492.42 , 0.999999 , 1.1576e-06
1492.52 , 0.999999 , 1.1612e-06
1492.62 , 0.999999 , 1.16482e-06
1492.72 , 0.999999 , 1.16845e-06
1492.82 , 0.999999 , 1.17211e-06
1492.92 , 0.999999 , 1.17578e-06
1493.02 , 0.999999 , 1.17947e-06
1493.12 , 0.999999 , 1.18319e-06
1493.22 , 0.999999 , 1.18692e-06
1493.32 , 0.999999 , 1.19068e-06
1493.42 , 0.999999 , 1.19446e-06
1493.52 , 0.999999 , 1.19825e-06
1493.62 , 0.999999 , 1.20207e-06
1493.72 , 0.999999 , 1.20591e-06
1493.82 , 0.999999 , 1.20977e-06
1493.92 , 0.999999 , 1.21365e-06
1494.02 , 0.999999 , 1.21755e-06
1494.12 , 0.999999 , 1.22147e-06
1494.22 , 0.999999 , 1.22542e-06
1494.32 , 0.999999 , 1.22938e-06
1494.42 , 0.999999 , 1.23337e-06
1494.52 , 0.999999 , 1.23739e-06
1494.62 , 0.999999 , 1.24142e-06
1494.72 , 0.999999 , 1.24548e-06
1494.82 , 0.999999 , 1.24955e-06
1494.92 , 0.999999 , 1.25366e-06
1495.02 , 0.999999 , 1.25778e-06
1495.12 , 0.999999 , 1.26193e-06
1495.22 , 0.999999 , 1.2661e-06
1495.32 , 0.999999 , 1.2703e-06
1495.42 , 0.999999 , 1.27451e-06
1495.52 , 0.999999 , 1.27876e-06
1495.62 , 0.999999 , 1.28302e-06
1495.72 , 0.999999 , 1.28731e-06
1495.82 , 0.999999 , 1.29163e-06
1495.92 , 0.999999 , 1.29597e-06
1496.02 , 0.999999 , 1.30033e-06
1496.12 , 0.999999 , 1.30472e-06
1496.22 , 0.999999 , 1.30914e-06
1496.32 , 0.999999 , 1.31358e-06
1496.42 , 0.999999 , 1.31804e-06
1496.52 , 0.999999 , 1.32253e-06
1496.62 , 0.999999 , 1.32705e-06
1496.72 , 0.999999 , 1.33159e-06
1496.82 , 0.999999 , 1.33616e-06
1496.92 , 0.999999 , 1.34076e-06
1497.02 , 0.999999 , 1.34538e-06
1497.12 , 0.999999 , 1.35003e-06
1497.22 , 0.999999 , 1.35471e-06
1497.32 , 0.999999 , 1.35941e-06
1497.42 , 0.999999 , 1.36414e-06
1497.52 , 0.999999 , 1.3689e-06
1497.62 , 0.999999 , 1.37369e-06
1497.72 , 0.999999 , 1.3785e-06
1497.82 , 0.999999 , 1.38334e-06
1497.92 , 0.999999 , 1.38822e-06
1498.02 , 0.999999 , 1.39312e-06
1498.12 , 0.999999 , 1.39805e-06
1498.22 , 0.999999 , 1.40301e-06
1498.32 , 0.999999 , 1.40799e-06
1498.42 , 0.999999 , 1.41301e-06
1498.52 , 0.999999 , 1.41806e-06
1498.62 , 0.999999 , 1.42314e-06
1498.72 , 0.999999 , 1.42825e-06
1498.82 , 0.999999 , 1.43339e-06
1498.92 , 0.999999 , 1.43856e-06
1499.02 , 0.999999 , 1.44376e-06
1499.12 , 0.999999 , 1.44899e-06
1499.22 , 0.999999 , 1.45426e-06
1499.32 , 0.999999 , 1.45955e-06
1499.42 , 0.999999 , 1.46488e-06
1499.52 , 0.999999 , 1.47024e-06
1499.62 , 0.999999 , 1.47564e-06
1499.72 , 0.999999 , 1.48106e-06
1499.82 , 0.999999 , 1.48652e-06
1499.92 , 0.999999 , 1.49201e-06
1500.03 , 0.999999 , 1.49754e-06
1500.13 , 0.999998 , 1.5031e-06
1500.23 , 0.999998 , 1.5087e-06
1500.33 , 0.999998 , 1.51433e-06
1500.43 , 0.999998 , 1.51999e-06
1500.53 , 0.999998 , 1.52569e-06
1500.63 , 0.999998 , 1.53142e-06
1500.73 , 0.999998 , 1.53719e-06
1500.83 , 0.999998 , 1.543e-06
1500.93 , 0.999998 , 1.54884e-06
1501.03 , 0.999998 , 1.55472e-06
1501.13 , 0.999998 , 1.56064e-06
1501.23 , 0.999998 , 1.56659e-06
1501.33 , 0.999998 , 1.57258e-06
1501.43 , 0.999998 , 1.57861e-06
1501.53 , 0.999998 , 1.58468e-06
1501.63 , 0.999998 , 1.59078e-06
1501.73 , 0.999998 , 1.59692e-06
1501.83 , 0.999998 , 1.60311e-06
1501.93 , 0.999998 , 1.60933e-06
1502.03 , 0.999998 , 1.61559e-06
1502.13 , 0.999998 , 1.62189e-06
1502.23 , 0.999998 , 1.62823e-06
1502.33 , 0.999998 , 1.63462e-06
1502.43 , 0.999998 , 1.64104e-06
1502.53 , 0.999998 , 1.6475e-06
1502.63 , 0.999998 , 1.65401e-06
1502.73 , 0.999998 , 1.66056e-06
1502.83 , 0.999998 , 1.66715e-06
1502.93 , 0.999998 , 1.67379e-06
1503.03 , 0.999998 , 1.68046e-06
1503.13 , 0.999998 , 1.68718e-06
1503.23 , 0.999998 , 1.69395e-06
1503.33 , 0.999998 , 1.70076e-06
1503.43 , 0.999998 , 1.70761e-06
1503.53 , 0.999998 , 1.71451e-06
1503.63 , 0.999998 , 1.72145e-06
1503.73 , 0.999998 , 1.72844e-06
1503.83 , 0.999998 , 1.73548e-06
1503.93 , 0.999998 , 1.74256e-06
1504.03 , 0.999998 , 1.74969e-06
1504.13 , 0.999998 , 1.75687e-06
1504.23 , 0.999998 , 1.7641e-06
1504.33 , 0.999998 , 1.77137e-06
1504.43 , 0.999998 , 1.77869e-06
1504.53 , 0.999998 , 1.78606e-06
1504.63 , 0.999998 , 1.79349e-06
1504.73 , 0.999998 , 1.80096e-06
1504.83 , 0.999998 , 1.80848e-06
1504.93 , 0.999998 , 1.81605e-06
1505.03 , 0.999998 , 1.82368e-06
1505.13 , 0.999998 , 1.83135e-06
1505.23 , 0.999998 , 1.83908e-06
1505.33 , 0.999998 , 1.84686e-06
1505.43 , 0.999998 , 1.8547e-06
1505.53 , 0.999998 , 1.86258e-06
1505.63 , 0.999998 , 1.87053e-06
1505.73 , 0.999998 , 1.87852e-06
1505.83 , 0.999998 , 1.88658e-06
1505.93 , 0.999998 , 1.89469e-06
1506.03 , 0.999998 , 1.90285e-06
1506.13 , 0.999998 , 1.91107e-06
1506.23 , 0.999998 , 1.91935e-06
1506.33 , 0.999998 , 1.92769e-06
1506.43 , 0.999998 , 1.93608e-06
1506.53 , 0.999998 , 1.94453e-06
1506.63 , 0.999998 , 1.95305e-06
1506.73 , 0.999998 , 1.96162e-06
1506.83 , 0.999998 , 1.97025e-06
1506.93 , 0.999998 , 1.97895e-06
1507.03 , 0.999998 , 1.9877e-06
1507.13 , 0.999998 , 1.99652e-06
1507.23 , 0.999998 , 2.0054e-06
1507.33 , 0.999998 , 2.01435e-06
1507.43 , 0.999998 , 2.02336e-06
1507.53 , 0.999998 , 2.03243e-06
1507.63 , 0.999998 , 2.04157e-06
1507.73 , 0.999998 , 2.05077e-06
1507.83 , 0.999998 , 2.06004e-06
1507.93 , 0.999998 , 2.06938e-06
1508.03 , 0.999998 , 2.07879e-06
1508.13 , 0.999998 , 2.08826e-06
1508.23 , 0.999998 , 2.09781e-06
1508.33 , 0.999998 , 2.10742e-06
1508.43 , 0.999998 , 2.1171e-06
1508.53 , 0.999998 , 2.12686e-06
1508.63 , 0.999998 , 2.13668e-06
1508.73 , 0.999998 , 2.14658e-06
1508.83 , 0.999998 , 2.15656e-06
1508.93 , 0.999998 , 2.1666e-06
1509.03 , 0.999998 , 2.17672e-06
1509.13 , 0.999998 , 2.18692e-06
1509.23 , 0.999998 , 2.19719e-06
1509.33 , 0.999998 , 2.20754e-06
1509.43 , 0.999998 , 2.21797e-06
1509.53 , 0.999998 , 2.22847e-06
1509.63 , 0.999998 , 2.23906e-06
1509.73 , 0.999998 , 2.24972e-06
1509.83 , 0.999998 , 2.26047e-06
1509.93 , 0.999998 , 2.27129e-06
1510.03 , 0.999998 , 2.2822e-06
1510.13 , 0.999998 , 2.29319e-06
1510.23 , 0.999998 , 2.30427e-06
1510.33 , 0.999998 , 2.31543e-06
1510.43 , 0.999998 , 2.32668e-06
1510.53 , 0.999998 , 2.33801e-06
1510.63 , 0.999998 , 2.34944e-06
1510.73 , 0.999998 , 2.36095e-06
1510.83 , 0.999998 , 2.37254e-06
1510.93 , 0.999998 , 2.38423e-06
1511.03 , 0.999998 , 2.39602e-06
1511.13 , 0.999998 , 2.40789e-06
1511.23 , 0.999998 , 2.41985e-06
1511.33 , 0.999998 , 2.43191e-06
1511.43 , 0.999998 , 2.44407e-06
1511.53 , 0.999998 , 2.45632e-06
1511.63 , 0.999998 , 2.46867e-06
1511.73 , 0.999998 , 2.48112e-06
1511.83 , 0.999998 , 2.49366e-06
1511.93 , 0.999997 , 2.50631e-06
1512.03 , 0.999997 , 2.51905e-06
1512.13 , 0.999997 , 2.5319e-06
1512.23 , 0.999997 , 2.54486e-06
1512.33 , 0.999997 , 2.55791e-06
1512.43 , 0.999997 , 2.57108e-06
1512.53 , 0.999997 , 2.58434e-06
1512.63 , 0.999997 , 2.59772e-06
1512.73 , 0.999997 , 2.61121e-06
1512.83 , 0.999997 , 2.62481e-06
1512.93 , 0.999997 , 2.63851e-06
1513.03 , 0.999997 , 2.65233e-06
1513.13 , 0.999997 , 2.66627e-06
1513.23 , 0.999997 , 2.68032e-06
1513.33 , 0.999997 , 2.69448e-06
1513.43 , 0.999997 , 2.70877e-06
1513.53 , 0.999997 , 2.72317e-06
1513.63 , 0.999997 , 2.73769e-06
1513.73 , 0.999997 , 2.75234e-06
1513.83 , 0.999997 , 2.76711e-06
1513.93 , 0.999997 , 2.782e-06
1514.03 , 0.999997 , 2.79702e-06
1514.13 , 0.999997 , 2.81216e-06
1514.23 , 0.999997 , 2.82743e-06
1514.33 , 0.999997 , 2.84284e-06
1514.43 , 0.999997 , 2.85837e-06
1514.53 , 0.999997 , 2.87404e-06
1514.63 , 0.999997 , 2.88984e-06
1514.73 , 0.999997 , 2.90578e-06
1514.83 , 0.999997 , 2.92185e-06
1514.93 , 0.999997 , 2.93807e-06
1515.03 , 0.999997 , 2.95443e-06
1515.13 , 0.999997 , 2.97092e-06
1515.23 , 0.999997 , 2.98757e-06
1515.33 , 0.999997 , 3.00435e-06
1515.43 , 0.999997 , 3.02129e-06
1515.53 , 0.999997 , 3.03837e-06
1515.63 , 0.999997 , 3.05561e-06
1515.73 , 0.999997 , 3.07299e-06
1515.83 , 0.999997 , 3.09054e-06
1515.93 , 0.999997 , 3.10823e-06
1516.03 , 0.999997 , 3.12609e-06
1516.13 , 0.999997 , 3.14411e-06
1516.23 , 0.999997 , 3.16229e-06
1516.33 , 0.999997 , 3.18063e-06
1516.43 , 0.999997 , 3.19913e-06
1516.53 , 0.999997 , 3.21781e-06
1516.63 , 0.999997 , 3.23666e-06
1516.73 , 0.999997 , 3.25567e-06
1516.83 , 0.999997 , 3.27486e-06
1516.93 , 0.999997 , 3.29423e-06
1517.03 , 0.999997 , 3.31378e-06
1517.13 , 0.999997 , 3.3335e-06
1517.23 , 0.999997 , 3.35341e-06
1517.33 , 0.999997 , 3.3735e-06
1517.43 , 0.999997 , 3.39378e-06
1517.53 , 0.999997 , 3.41425e-06
1517.63 , 0.999997 , 3.43491e-06
1517.73 , 0.999997 , 3.45577e-06
1517.83 , 0.999997 , 3.47682e-06
1517.93 , 0.999997 , 3.49807e-06
1518.03 , 0.999996 , 3.51952e-06
1518.13 , 0.999996 , 3.54118e-06
1518.23 , 0.999996 , 3.56304e-06
1518.33 , 0.999996 , 3.58511e-06
1518.43 , 0.999996 , 3.6074e-06
1518.53 , 0.999996 , 3.6299e-06
1518.63 , 0.999996 , 3.65261e-06
1518.73 , 0.999996 , 3.67555e-06
1518.83 , 0.999996 , 3.69871e-06
1518.93 , 0.999996 , 3.72209e-06
1519.03 , 0.999996 , 3.74571e-06
1519.13 , 0.999996 , 3.76955e-06
1519.23 , 0.999996 , 3.79363e-06
1519.33 , 0.999996 , 3.81795e-06
1519.43 , 0.999996 , 3.84251e-06
1519.53 , 0.999996 , 3.86732e-06
1519.63 , 0.999996 , 3.89237e-06
1519.73 , 0.999996 , 3.91767e-06
1519.83 , 0.999996 , 3.94323e-06
1519.93 , 0.999996 , 3.96904e-06
1520.04 , 0.999996 , 3.99512e-06
1520.14 , 0.999996 , 4.02146e-06
1520.24 , 0.999996 , 4.04807e-06
1520.34 , 0.999996 , 4.07495e-06
1520.44 , 0.999996 , 4.1021e-06
1520.54 , 0.999996 , 4.12954e-06
1520.64 , 0.999996 , 4.15725e-06
1520.74 , 0.999996 , 4.18526e-06
1520.84 , 0.999996 , 4.21355e-06
1520.94 , 0.999996 , 4.24214e-06
1521.04 , 0.999996 , 4.27103e-06
1521.14 , 0.999996 , 4.30022e-06
1521.24 , 0.999996 , 4.32972e-06
1521.34 , 0.999996 , 4.35953e-06
1521.44 , 0.999996 , 4.38966e-06
1521.54 , 0.999996 , 4.42011e-06
1521.64 , 0.999996 , 4.45088e-06
1521.74 , 0.999996 , 4.48198e-06
1521.84 , 0.999995 , 4.51342e-06
1521.94 , 0.999995 , 4.54519e-06
1522.04 , 0.999995 , 4.57731e-06
1522.14 , 0.999995 , 4.60978e-06
1522.24 , 0.999995 , 4.6426e-06
1522.34 , 0.999995 , 4.67579e-06
1522.44 , 0.999995 , 4.70933e-06
1522.54 , 0.999995 , 4.74325e-06
1522.64 , 0.999995 , 4.77754e-06
1522.74 , 0.999995 , 4.81221e-06
1522.84 , 0.999995 , 4.84727e-06
1522.94 , 0.999995 , 4.88272e-06
1523.04 , 0.999995 , 4.91857e-06
1523.14 , 0.999995 , 4.95482e-06
1523.24 , 0.999995 , 4.99148e-06
1523.34 , 0.999995 , 5.02856e-06
1523.44 , 0.999995 , 5.06606e-06
1523.54 , 0.999995 , 5.104e-06
1523.64 , 0.999995 , 5.14236e-06
1523.74 , 0.999995 , 5.18117e-06
1523.84 , 0.999995 , 5.22043e-06
1523.94 , 0.999995 , 5.26014e-06
1524.04 , 0.999995 , 5.30031e-06
1524.14 , 0.999995 , 5.34096e-06
1524.24 , 0.999995 , 5.38208e-06
1524.34 , 0.999995 , 5.42369e-06
1524.44 , 0.999995 , 5.46579e-06
1524.54 , 0.999994 , 5.50839e-06
1524.64 , 0.999994 , 5.5515e-06
1524.74 , 0.999994 , 5.59512e-06
1524.84 , 0.999994 , 5.63927e-06
1524.94 , 0.999994 , 5.68396e-06
1525.04 , 0.999994 , 5.72918e-06
1525.14 , 0.999994 , 5.77495e-06
1525.24 , 0.999994 , 5.82129e-06
1525.34 , 0.999994 , 5.86819e-06
1525.44 , 0.999994 , 5.91567e-06
1525.54 , 0.999994 , 5.96374e-06
1525.64 , 0.999994 , 6.0124e-06
1525.74 , 0.999994 , 6.06167e-06
1525.84 , 0.999994 , 6.11156e-06
1525.94 , 0.999994 , 6.16207e-06
1526.04 , 0.999994 , 6.21323e-06
1526.14 , 0.999994 , 6.26503e-06
1526.24 , 0.999994 , 6.31749e-06
1526.34 , 0.999994 , 6.37062e-06
1526.44 , 0.999994 , 6.42443e-06
1526.54 , 0.999994 , 6.47894e-06
1526.64 , 0.999993 , 6.53415e-06
1526.74 , 0.999993 , 6.59008e-06
1526.84 , 0.999993 , 6.64674e-06
1526.94 , 0.999993 , 6.70415e-06
1527.04 , 0.999993 , 6.7623e-06
1527.14 , 0.999993 , 6.82123e-06
1527.24 , 0.999993 , 6.88095e-06
1527.34 , 0.999993 , 6.94145e-06
1527.44 , 0.999993 , 7.00277e-06
1527.54 , 0.999993 , 7.06492e-06
1527.64 , 0.999993 , 7.12791e-06
1527.74 , 0.999993 , 7.19175e-06
1527.84 , 0.999993 , 7.25646e-06
1527.94 , 0.999993 , 7.32206e-06
1528.04 , 0.999993 , 7.38856e-06
1528.14 , 0.999993 , 7.45598e-06
1528.24 , 0.999992 , 7.52434e-06
1528.34 , 0.999992 , 7.59366e-06
1528.44 , 0.999992 , 7.66394e-06
1528.54 , 0.999992 , 7.73522e-06
1528.64 , 0.999992 , 7.8075e-06
1528.74 , 0.999992 , 7.88082e-06
1528.84 , 0.999992 , 7.95518e-06
1528.94 , 0.999992 , 8.0306e-06
1529.04 , 0.999992 , 8.10712e-06
1529.14 , 0.999992 , 8.18474e-06
1529.24 , 0.999992 , 8.2635e-06
1529.34 , 0.999992 , 8.34341e-06
1529.44 , 0.999992 , 8.42449e-06
1529.54 , 0.999991 , 8.50677e-06
1529.64 , 0.999991 , 8.59027e-06
1529.74 , 0.999991 , 8.67502e-06
1529.84 , 0.999991 , 8.76104e-06
1529.94 , 0.999991 , 8.84835e-06
1530.04 , 0.999991 , 8.93699e-06
1530.14 , 0.999991 , 9.02697e-06
1530.24 , 0.999991 , 9.11834e-06
1530.34 , 0.999991 , 9.2111e-06
1530.44 , 0.999991 , 9.3053e-06
1530.54 , 0.999991 , 9.40097e-06
1530.64 , 0.999991 , 9.49812e-06
1530.74 , 0.99999 , 9.59681e-06
1530.84 , 0.99999 , 9.69705e-06
1530.94 , 0.99999 , 9.79888e-06
1531.04 , 0.99999 , 9.90233e-06
1531.14 , 0.99999 , 1.00074e-05
1531.24 , 0.99999 , 1.01142e-05
1531.34 , 0.99999 , 1.02228e-05
1531.44 , 0.99999 , 1.03331e-05
1531.54 , 0.99999 , 1.04452e-05
1531.64 , 0.999989 , 1.05591e-05
1531.74 , 0.999989 , 1.0675e-05
1531.84 , 0.999989 , 1.07927e-05
1531.94 , 0.999989 , 1.09125e-05
1532.04 , 0.999989 , 1.10342e-05
1532.14 , 0.999989 , 1.1158e-05
1532.24 , 0.999989 , 1.1284e-05
1532.34 , 0.999989 , 1.1412e-05
1532.44 , 0.999988 , 1.15423e-05
1532.54 , 0.999988 , 1.16748e-05
1532.64 , 0.999988 , 1.18097e-05
1532.74 , 0.999988 , 1.19469e-05
1532.84 , 0.999988 , 1.20865e-05
1532.94 , 0.999988 , 1.22286e-05
1533.04 , 0.999988 , 1.23732e-05
1533.14 , 0.999987 , 1.25204e-05
1533.24 , 0.999987 , 1.26703e-05
1533.34 , 0.999987 , 1.28229e-05
1533.44 , 0.999987 , 1.29783e-05
1533.54 , 0.999987 , 1.31365e-05
1533.64 , 0.999987 , 1.32976e-05
1533.74 , 0.999987 , 1.34618e-05
1533.84 , 0.999986 , 1.3629e-05
1533.94 , 0.999986 , 1.37994e-05
1534.04 , 0.999986 , 1.39729e-05
1534.14 , 0.999986 , 1.41498e-05
1534.24 , 0.999986 , 1.43301e-05
1534.34 , 0.999985 , 1.45139e-05
1534.44 , 0.999985 , 1.47012e-05
1534.54 , 0.999985 , 1.48922e-05
1534.64 , 0.999985 , 1.5087e-05
1534.74 , 0.999985 , 1.52856e-05
1534.84 , 0.999985 , 1.54882e-05
1534.94 , 0.999984 , 1.56948e-05
1535.04 , 0.999984 , 1.59056e-05
1535.14 , 0.999984 , 1.61207e-05
1535.24 , 0.999984 , 1.63402e-05
1535.34 , 0.999983 , 1.65642e-05
1535.44 , 0.999983 , 1.67929e-05
1535.54 , 0.999983 , 1.70263e-05
1535.64 , 0.999983 , 1.72647e-05
1535.74 , 0.999982 , 1.75081e-05
1535.84 , 0.999982 , 1.77567e-05
1535.94 , 0.999982 , 1.80107e-05
1536.04 , 0.999982 , 1.82702e-05
1536.14 , 0.999981 , 1.85353e-05
1536.24 , 0.999981 , 1.88062e-05
1536.34 , 0.999981 , 1.90832e-05
1536.44 , 0.999981 , 1.93663e-05
1536.54 , 0.99998 , 1.96557e-05
1536.64 , 0.99998 , 1.99517e-05
1536.74 , 0.99998 , 2.02545e-05
1536.84 , 0.999979 , 2.05642e-05
1536.94 , 0.999979 , 2.08811e-05
1537.04 , 0.999979 , 2.12053e-05
1537.14 , 0.999978 , 2.15372e-05
1537.24 , 0.999978 , 2.1877e-05
1537.34 , 0.999978 , 2.22249e-05
1537.44 , 0.999977 , 2.25811e-05
1537.54 , 0.999977 , 2.2946e-05
1537.64 , 0.999977 , 2.33198e-05
1537.74 , 0.999976 , 2.37028e-05
1537.84 , 0.999976 , 2.40953e-05
1537.94 , 0.999976 , 2.44977e-05
1538.04 , 0.999975 , 2.49103e-05
1538.14 , 0.999975 , 2.53333e-05
1538.24 , 0.999974 , 2.57673e-05
1538.34 , 0.999974 , 2.62125e-05
1538.44 , 0.999973 , 2.66693e-05
1538.54 , 0.999973 , 2.71382e-05
1538.64 , 0.999972 , 2.76195e-05
1538.74 , 0.999972 , 2.81138e-05
1538.84 , 0.999971 , 2.86215e-05
1538.94 , 0.999971 , 2.91431e-05
1539.04 , 0.99997 , 2.9679e-05
1539.14 , 0.99997 , 3.02299e-05
1539.24 , 0.999969 , 3.07963e-05
1539.34 , 0.999969 , 3.13787e-05
1539.44 , 0.999968 , 3.19778e-05
1539.54 , 0.999967 , 3.25942e-05
1539.64 , 0.999967 , 3.32286e-05
1539.74 , 0.999966 , 3.38817e-05
1539.84 , 0.999965 , 3.45543e-05
1539.94 , 0.999965 , 3.52471e-05
1540.05 , 0.999964 , 3.59609e-05
1540.15 , 0.999963 , 3.66966e-05
1540.25 , 0.999963 , 3.74551e-05
1540.35 , 0.999962 , 3.82374e-05
1540.45 , 0.999961 , 3.90444e-05
1540.55 , 0.99996 , 3.98772e-05
1540.65 , 0.999959 , 4.0737e-05
1540.75 , 0.999958 , 4.16248e-05
1540.85 , 0.999957 , 4.2542e-05
1540.95 , 0.999957 , 4.34898e-05
1541.05 , 0.999956 , 4.44696e-05
1541.15 , 0.999955 , 4.54829e-05
1541.25 , 0.999953 , 4.65311e-05
1541.35 , 0.999952 , 4.7616e-05
1541.45 , 0.999951 , 4.87393e-05
1541.55 , 0.99995 , 4.99028e-05
1541.65 , 0.999949 , 5.11084e-05
1541.75 , 0.999948 , 5.23581e-05
1541.85 , 0.999946 , 5.36543e-05
1541.95 , 0.999945 , 5.49991e-05
1542.05 , 0.999944 , 5.63951e-05
1542.15 , 0.999942 , 5.78448e-05
1542.25 , 0.999941 , 5.93511e-05
1542.35 , 0.999939 , 6.0917e-05
1542.45 , 0.999937 , 6.25456e-05
1542.55 , 0.999936 , 6.42404e-05
1542.65 , 0.999934 , 6.60049e-05
1542.75 , 0.999932 , 6.7843e-05
1542.85 , 0.99993 , 6.97589e-05
1542.95 , 0.999928 , 7.1757e-05
1543.05 , 0.999926 , 7.38421e-05
1543.15 , 0.999924 , 7.60193e-05
1543.25 , 0.999922 , 7.82942e-05
1543.35 , 0.999919 , 8.06726e-05
1543.45 , 0.999917 , 8.31609e-05
1543.55 , 0.999914 , 8.5766e-05
1543.65 , 0.999912 , 8.84953e-05
1543.75 , 0.999909 , 9.13568e-05
1543.85 , 0.999906 , 9.43592e-05
1543.95 , 0.999902 , 9.75119e-05
1544.05 , 0.999899 , 0.000100825
1544.15 , 0.999896 , 0.00010431
1544.25 , 0.999892 , 0.000107978
1544.35 , 0.999888 , 0.000111843
1544.45 , 0.999884 , 0.000115919
1544.55 , 0.99988 , 0.000120222
1544.65 , 0.999875 , 0.000124769
1544.75 , 0.99987 , 0.000129578
1544.85 , 0.999865 , 0.00013467
1544.95 , 0.99986 , 0.000140068
1545.05 , 0.999854 , 0.000145797
1545.15 , 0.999848 , 0.000151884
1545.25 , 0.999842 , 0.00015836
1545.35 , 0.999835 , 0.000165258
1545.45 , 0.999827 , 0.000172617
1545.55 , 0.99982 , 0.000180478
1545.65 , 0.999811 , 0.000188887
1545.75 , 0.999802 , 0.000197898
1545.85 , 0.999792 , 0.000207568
1545.95 , 0.999782 , 0.000217963
1546.05 , 0.999771 , 0.000229159
1546.15 , 0.999759 , 0.000241239
1546.25 , 0.999746 , 0.000254299
1546.35 , 0.999732 , 0.000268447
1546.45 , 0.999716 , 0.000283808
1546.55 , 0.999699 , 0.000300524
1546.65 , 0.999681 , 0.000318761
1546.75 , 0.999661 , 0.000338707
1546.85 , 0.999639 , 0.000360583
1546.95 , 0.999615 , 0.000384647
1547.05 , 0.999589 , 0.000411199
1547.15 , 0.999559 , 0.000440595
1547.25 , 0.999527 , 0.000473256
1547.35 , 0.99949 , 0.000509684
1547.45 , 0.99945 , 0.000550481
1547.55 , 0.999404 , 0.000596373
1547.65 , 0.999352 , 0.000648246
1547.75 , 0.999293 , 0.000707185
1547.85 , 0.999225 , 0.000774534
1547.95 , 0.999148 , 0.000851972
1548.05 , 0.999058 , 0.000941616
1548.15 , 0.998954 , 0.00104617
1548.25 , 0.998831 , 0.00116914
1548.35 , 0.998685 , 0.00131511
1548.45 , 0.99851 , 0.00149019
1548.55 , 0.998297 , 0.00170266
1548.65 , 0.998036 , 0.00196397
1548.75 , 0.99771 , 0.00229029
1548.85 , 0.997295 , 0.00270512
1548.95 , 0.996756 , 0.00324356
1549.05 , 0.99604 , 0.00395999
1549.15 , 0.995058 , 0.00494228
1549.25 , 0.99366 , 0.00633995
1549.35 , 0.991576 , 0.0084241
1549.45 , 0.988272 , 0.0117281
1549.55 , 0.982579 , 0.0174211
1549.65 , 0.971522 , 0.0284776
1549.75 , 0.945663 , 0.0543374
1549.85 , 0.862344 , 0.137656
1549.95 , 0.410365 , 0.589635
1550.05 , 0.410334 , 0.589666
1550.15 , 0.862298 , 0.137702
1550.25 , 0.945629 , 0.0543705
1550.35 , 0.971497 , 0.0285026
1550.45 , 0.982559 , 0.017441
1550.55 , 0.988255 , 0.0117446
1550.65 , 0.991562 , 0.00843813
1550.75 , 0.993648 , 0.00635216
1550.85 , 0.995047 , 0.00495309
1550.95 , 0.99603 , 0.00396967
1551.05 , 0.996748 , 0.00325233
1551.15 , 0.997287 , 0.00271314
1551.25 , 0.997702 , 0.00229768
1551.35 , 0.998029 , 0.00197081
1551.45 , 0.998291 , 0.00170903
1551.55 , 0.998504 , 0.00149616
1551.65 , 0.998679 , 0.00132072
1551.75 , 0.998826 , 0.00117443
1551.85 , 0.998949 , 0.00105118
1551.95 , 0.999054 , 0.000946364
1552.05 , 0.999144 , 0.000856488
1552.15 , 0.999221 , 0.000778842
1552.25 , 0.999289 , 0.000711302
1552.35 , 0.999348 , 0.000652188
1552.45 , 0.9994 , 0.000600154
1552.55 , 0.999446 , 0.000554114
1552.65 , 0.999487 , 0.000513181
1552.75 , 0.999523 , 0.000476626
1552.85 , 0.999556 , 0.000443847
1552.95 , 0.999586 , 0.00041434
1553.05 , 0.999612 , 0.000387685
1553.15 , 0.999636 , 0.000363526
1553.25 , 0.999658 , 0.000341559
1553.35 , 0.999678 , 0.000321528
1553.45 , 0.999697 , 0.000303211
1553.55 , 0.999714 , 0.000286419
1553.65 , 0.999729 , 0.000270987
1553.75 , 0.999743 , 0.000256771
1553.85 , 0.999756 , 0.000243647
1553.95 , 0.999768 , 0.000231506
1554.05 , 0.99978 , 0.000220253
1554.15 , 0.99979 , 0.000209802
1554.25 , 0.9998 , 0.000200079
1554.35 , 0.999809 , 0.000191019
1554.45 , 0.999817 , 0.000182561
1554.55 , 0.999825 , 0.000174655
1554.65 , 0.999833 , 0.000167252
1554.75 , 0.99984 , 0.000160312
1554.85 , 0.999846 , 0.000153796
1554.95 , 0.999852 , 0.00014767
1555.05 , 0.999858 , 0.000141904
1555.15 , 0.999864 , 0.000136471
1555.25 , 0.999869 , 0.000131344
1555.35 , 0.999873 , 0.000126502
1555.45 , 0.999878 , 0.000121924
1555.55 , 0.999882 , 0.00011759
1555.65 , 0.999887 , 0.000113485
1555.75 , 0.99989 , 0.000109591
1555.85 , 0.999894 , 0.000105895
1555.95 , 0.999898 , 0.000102384
1556.05 , 0.999901 , 9.90447e-05
1556.15 , 0.999904 , 9.58671e-05
1556.25 , 0.999907 , 9.28406e-05
1556.35 , 0.99991 , 8.99557e-05
1556.45 , 0.999913 , 8.72038e-05
1556.55 , 0.999915 , 8.45767e-05
1556.65 , 0.999918 , 8.20671e-05
1556.75 , 0.99992 , 7.96681e-05
1556.85 , 0.999923 , 7.73732e-05
1556.95 , 0.999925 , 7.51765e-05
1557.05 , 0.999927 , 7.30724e-05
1557.15 , 0.999929 , 7.10559e-05
1557.25 , 0.999931 , 6.91221e-05
1557.35 , 0.999933 , 6.72666e-05
1557.45 , 0.999935 , 6.54852e-05
1557.55 , 0.999936 , 6.3774e-05
1557.65 , 0.999938 , 6.21293e-05
1557.75 , 0.999939 , 6.05478e-05
1557.85 , 0.999941 , 5.90262e-05
1557.95 , 0.999942 , 5.75616e-05
1558.05 , 0.999944 , 5.61512e-05
1558.15 , 0.999945 , 5.47922e-05
1558.25 , 0.999947 , 5.34823e-05
1558.35 , 0.999948 , 5.22191e-05
1558.45 , 0.999949 , 5.10003e-05
1558.55 , 0.99995 , 4.9824e-05
1558.65 , 0.999951 , 4.86882e-05
1558.75 , 0.999952 , 4.75911e-05
1558.85 , 0.999953 , 4.65308e-05
1558.95 , 0.999954 , 4.55058e-05
1559.05 , 0.999955 , 4.45146e-05
1559.15 , 0.999956 , 4.35556e-05
1559.25 , 0.999957 , 4.26275e-05
1559.35 , 0.999958 , 4.17289e-05
1559.45 , 0.999959 , 4.08587e-05
1559.55 , 0.99996 , 4.00156e-05
1559.65 , 0.999961 , 3.91985e-05
1559.75 , 0.999962 , 3.84063e-05
1559.85 , 0.999962 , 3.76382e-05
1559.95 , 0.999963 , 3.6893e-05
1560.06 , 0.999964 , 3.61699e-05
1560.16 , 0.999965 , 3.5468e-05
1560.26 , 0.999965 , 3.47866e-05
1560.36 , 0.999966 , 3.41247e-05
1560.46 , 0.999967 , 3.34817e-05
1560.56 , 0.999967 , 3.28569e-05
1560.66 , 0.999968 , 3.22495e-05
1560.76 , 0.999968 , 3.1659e-05
1560.86 , 0.999969 , 3.10847e-05
1560.96 , 0.999969 , 3.0526e-05
1561.06 , 0.99997 , 2.99824e-05
1561.16 , 0.999971 , 2.94533e-05
1561.26 , 0.999971 , 2.89382e-05
1561.36 , 0.999972 , 2.84367e-05
1561.46 , 0.999972 , 2.79482e-05
1561.56 , 0.999973 , 2.74723e-05
1561.66 , 0.999973 , 2.70086e-05
1561.76 , 0.999973 , 2.65566e-05
1561.86 , 0.999974 , 2.6116e-05
1561.96 , 0.999974 , 2.56864e-05
1562.06 , 0.999975 , 2.52674e-05
1562.16 , 0.999975 , 2.48587e-05
1562.26 , 0.999976 , 2.44599e-05
1562.36 , 0.999976 , 2.40708e-05
1562.46 , 0.999976 , 2.36909e-05
1562.56 , 0.999977 , 2.33201e-05
1562.66 , 0.999977 , 2.2958e-05
1562.76 , 0.999977 , 2.26044e-05
1562.86 , 0.999978 , 2.2259e-05
1562.96 , 0.999978 , 2.19215e-05
1563.06 , 0.999978 , 2.15918e-05
1563.16 , 0.999979 , 2.12695e-05
1563.26 , 0.999979 , 2.09545e-05
1563.36 , 0.999979 , 2.06465e-05
1563.46 , 0.99998 , 2.03453e-05
1563.56 , 0.99998 , 2.00507e-05
1563.66 , 0.99998 , 1.97626e-05
1563.76 , 0.999981 , 1.94807e-05
1563.86 , 0.999981 , 1.92049e-05
1563.96 , 0.999981 , 1.8935e-05
1564.06 , 0.999981 , 1.86708e-05
1564.16 , 0.999982 , 1.84122e-05
1564.26 , 0.999982 , 1.8159e-05
1564.36 , 0.999982 , 1.7911e-05
1564.46 , 0.999982 , 1.76682e-05
1564.56 , 0.999983 , 1.74303e-05
1564.66 , 0.999983 , 1.71973e-05
1564.76 , 0.999983 , 1.6969e-05
1564.86 , 0.999983 , 1.67452e-05
1564.96 , 0.999983 , 1.6526e-05
1565.06 , 0.999984 , 1.6311e-05
1565.16 , 0.999984 , 1.61003e-05
1565.26 , 0.999984 , 1.58937e-05
1565.36 , 0.999984 , 1.56912e-05
1565.46 , 0.999985 , 1.54925e-05
1565.56 , 0.999985 , 1.52977e-05
1565.66 , 0.999985 , 1.51065e-05
1565.76 , 0.999985 , 1.4919e-05
1565.86 , 0.999985 , 1.4735e-05
1565.96 , 0.999985 , 1.45544e-05
1566.06 , 0.999986 , 1.43772e-05
1566.16 , 0.999986 , 1.42033e-05
1566.26 , 0.999986 , 1.40325e-05
1566.36 , 0.999986 , 1.38649e-05
1566.46 , 0.999986 , 1.37003e-05
1566.56 , 0.999986 , 1.35387e-05
1566.66 , 0.999987 , 1.33799e-05
1566.76 , 0.999987 , 1.3224e-05
1566.86 , 0.999987 , 1.30708e-05
1566.96 , 0.999987 , 1.29204e-05
1567.06 , 0.999987 , 1.27725e-05
1567.16 , 0.999987 , 1.26273e-05
1567.26 , 0.999988 , 1.24845e-05
1567.36 , 0.999988 , 1.23442e-05
1567.46 , 0.999988 , 1.22063e-05
1567.56 , 0.999988 , 1.20708e-05
1567.66 , 0.999988 , 1.19375e-05
1567.76 , 0.999988 , 1.18065e-05
1567.86 , 0.999988 , 1.16776e-05
1567.96 , 0.999988 , 1.15509e-05
1568.06 , 0.999989 , 1.14263e-05
1568.16 , 0.999989 , 1.13037e-05
1568.26 , 0.999989 , 1.11831e-05
1568.36 , 0.999989 , 1.10645e-05
1568.46 , 0.999989 , 1.09478e-05
1568.56 , 0.999989 , 1.0833e-05
1568.66 , 0.999989 , 1.072e-05
1568.76 , 0.999989 , 1.06089e-05
1568.86 , 0.99999 , 1.04994e-05
1568.96 , 0.99999 , 1.03917e-05
1569.06 , 0.99999 , 1.02857e-05
1569.16 , 0.99999 , 1.01813e-05
1569.26 , 0.99999 , 1.00786e-05
1569.36 , 0.99999 , 9.9774e-06
1569.46 , 0.99999 , 9.87778e-06
1569.56 , 0.99999 , 9.77967e-06
1569.66 , 0.99999 , 9.68306e-06
1569.76 , 0.99999 , 9.5879e-06
1569.86 , 0.999991 , 9.49417e-06
1569.96 , 0.999991 , 9.40184e-06
1570.06 , 0.999991 , 9.31089e-06
1570.16 , 0.999991 , 9.22127e-06
1570.26 , 0.999991 , 9.13298e-06
1570.36 , 0.999991 , 9.04598e-06
1570.46 , 0.999991 , 8.96025e-06
1570.56 , 0.999991 , 8.87576e-06
1570.66 , 0.999991 , 8.7925e-06
1570.76 , 0.999991 , 8.71042e-06
1570.86 , 0.999991 , 8.62952e-06
1570.96 , 0.999991 , 8.54977e-06
1571.06 , 0.999992 , 8.47115e-06
1571.16 , 0.999992 , 8.39364e-06
1571.26 , 0.999992 , 8.31722e-06
1571.36 , 0.999992 , 8.24186e-06
1571.46 , 0.999992 , 8.16755e-06
1571.56 , 0.999992 , 8.09427e-06
1571.66 , 0.999992 , 8.02199e-06
1571.76 , 0.999992 , 7.95071e-06
1571.86 , 0.999992 , 7.88039e-06
1571.96 , 0.999992 , 7.81104e-06
1572.06 , 0.999992 , 7.74262e-06
1572.16 , 0.999992 , 7.67512e-06
1572.26 , 0.999992 , 7.60852e-06
1572.36 , 0.999992 , 7.54281e-06
1572.46 , 0.999993 , 7.47798e-06
1572.56 , 0.999993 , 7.414e-06
1572.66 , 0.999993 , 7.35086e-06
1572.76 , 0.999993 , 7.28855e-06
1572.86 , 0.999993 , 7.22706e-06
1572.96 , 0.999993 , 7.16636e-06
1573.06 , 0.999993 , 7.10644e-06
1573.16 , 0.999993 , 7.0473e-06
1573.26 , 0.999993 , 6.98891e-06
1573.36 , 0.999993 , 6.93127e-06
1573.46 , 0.999993 , 6.87437e-06
1573.56 , 0.999993 , 6.81818e-06
1573.66 , 0.999993 , 6.7627e-06
1573.76 , 0.999993 , 6.70792e-06
1573.86 , 0.999993 , 6.65382e-06
1573.96 , 0.999993 , 6.60039e-06
1574.06 , 0.999993 , 6.54763e-06
1574.16 , 0.999994 , 6.49551e-06
1574.26 , 0.999994 , 6.44404e-06
1574.36 , 0.999994 , 6.3932e-06
1574.46 , 0.999994 , 6.34298e-06
1574.56 , 0.999994 , 6.29336e-06
1574.66 , 0.999994 , 6.24435e-06
1574.76 , 0.999994 , 6.19592e-06
1574.86 , 0.999994 , 6.14808e-06
1574.96 , 0.999994 , 6.10081e-06
1575.06 , 0.999994 , 6.0541e-06
1575.16 , 0.999994 , 6.00794e-06
1575.26 , 0.999994 , 5.96233e-06
1575.36 , 0.999994 , 5.91726e-06
1575.46 , 0.999994 , 5.87271e-06
1575.56 , 0.999994 , 5.82868e-06
1575.66 , 0.999994 , 5.78516e-06
1575.76 , 0.999994 , 5.74215e-06
1575.86 , 0.999994 , 5.69963e-06
1575.96 , 0.999994 , 5.6576e-06
1576.06 , 0.999994 , 5.61605e-06
1576.16 , 0.999994 , 5.57498e-06
1576.26 , 0.999994 , 5.53437e-06
1576.36 , 0.999995 , 5.49422e-06
1576.46 , 0.999995 , 5.45452e-06
1576.56 , 0.999995 , 5.41527e-06
1576.66 , 0.999995 , 5.37645e-06
1576.76 , 0.999995 , 5.33807e-06
1576.86 , 0.999995 , 5.30011e-06
1576.96 , 0.999995 , 5.26258e-06
1577.06 , 0.999995 , 5.22546e-06
1577.16 , 0.999995 , 5.18874e-06
1577.26 , 0.999995 , 5.15243e-06
1577.36 , 0.999995 , 5.11651e-06
1577.46 , 0.999995 , 5.08098e-06
1577.56 , 0.999995 , 5.04583e-06
1577.66 , 0.999995 , 5.01107e-06
1577.76 , 0.999995 , 4.97668e-06
1577.86 , 0.999995 , 4.94265e-06
1577.96 , 0.999995 , 4.90899e-06
1578.06 , 0.999995 , 4.87568e-06
1578.16 , 0.999995 , 4.84273e-06
1578.26 , 0.999995 , 4.81013e-06
1578.36 , 0.999995 , 4.77787e-06
1578.46 , 0.999995 , 4.74594e-06
1578.56 , 0.999995 , 4.71435e-06
1578.66 , 0.999995 , 4.68309e-06
1578.76 , 0.999995 , 4.65215e-06
1578.86 , 0.999995 , 4.62153e-06
1578.96 , 0.999995 , 4.59123e-06
1579.06 , 0.999995 , 4.56123e-06
1579.16 , 0.999995 , 4.53154e-06
1579.26 , 0.999995 , 4.50216e-06
1579.36 , 0.999996 , 4.47307e-06
1579.46 , 0.999996 , 4.44428e-06
1579.56 , 0.999996 , 4.41578e-06
1579.66 , 0.999996 , 4.38756e-06
1579.76 , 0.999996 , 4.35963e-06
1579.86 , 0.999996 , 4.33198e-06
1579.96 , 0.999996 , 4.3046e-06
1580.07 , 0.999996 , 4.27749e-06
1580.17 , 0.999996 , 4.25065e-06
1580.27 , 0.999996 , 4.22407e-06
1580.37 , 0.999996 , 4.19776e-06
1580.47 , 0.999996 , 4.1717e-06
1580.57 , 0.999996 , 4.1459e-06
1580.67 , 0.999996 , 4.12034e-06
1580.77 , 0.999996 , 4.09504e-06
1580.87 , 0.999996 , 4.06998e-06
1580.97 , 0.999996 , 4.04516e-06
1581.07 , 0.999996 , 4.02057e-06
1581.17 , 0.999996 , 3.99623e-06
1581.27 , 0.999996 , 3.97211e-06
1581.37 , 0.999996 , 3.94823e-06
1581.47 , 0.999996 , 3.92457e-06
1581.57 , 0.999996 , 3.90113e-06
1581.67 , 0.999996 , 3.87792e-06
1581.77 , 0.999996 , 3.85492e-06
1581.87 , 0.999996 , 3.83214e-06
1581.97 , 0.999996 , 3.80957e-06
1582.07 , 0.999996 , 3.78721e-06
1582.17 , 0.999996 , 3.76505e-06
1582.27 , 0.999996 , 3.7431e-06
1582.37 , 0.999996 , 3.72136e-06
1582.47 , 0.999996 , 3.69981e-06
1582.57 , 0.999996 , 3.67846e-06
1582.67 , 0.999996 , 3.6573e-06
1582.77 , 0.999996 , 3.63634e-06
1582.87 , 0.999996 , 3.61557e-06
1582.97 , 0.999996 , 3.59498e-06
1583.07 , 0.999996 , 3.57458e-06
1583.17 , 0.999996 , 3.55437e-06
1583.27 , 0.999996 , 3.53433e-06
1583.37 , 0.999996 , 3.51448e-06
1583.47 , 0.999997 , 3.4948e-06
1583.57 , 0.999997 , 3.47529e-06
1583.67 , 0.999997 , 3.45596e-06
1583.77 , 0.999997 , 3.4368e-06
1583.87 , 0.999997 , 3.41781e-06
1583.97 , 0.999997 , 3.39898e-06
1584.07 , 0.999997 , 3.38032e-06
1584.17 , 0.999997 , 3.36182e-06
1584.27 , 0.999997 , 3.34348e-06
1584.37 , 0.999997 , 3.3253e-06
1584.47 , 0.999997 , 3.30728e-06
1584.57 , 0.999997 , 3.28942e-06
1584.67 , 0.999997 , 3.2717e-06
1584.77 , 0.999997 , 3.25414e-06
1584.87 , 0.999997 , 3.23673e-06
1584.97 , 0.999997 , 3.21947e-06
1585.07 , 0.999997 , 3.20235e-06
1585.17 , 0.999997 , 3.18538e-06
1585.27 , 0.999997 , 3.16856e-06
1585.37 , 0.999997 , 3.15187e-06
1585.47 , 0.999997 , 3.13533e-06
1585.57 , 0.999997 , 3.11892e-06
1585.67 , 0.999997 , 3.10265e-06
1585.77 , 0.999997 , 3.08651e-06
1585.87 , 0.999997 , 3.07051e-06
1585.97 , 0.999997 , 3.05465e-06
1586.07 , 0.999997 , 3.03891e-06
1586.17 , 0.999997 , 3.0233e-06
1586.27 , 0.999997 , 3.00783e-06
1586.37 , 0.999997 , 2.99247e-06
1586.47 , 0.999997 , 2.97725e-06
1586.57 , 0.999997 , 2.96214e-06
1586.67 , 0.999997 , 2.94717e-06
1586.77 , 0.999997 , 2.93231e-06
1586.87 , 0.999997 , 2.91757e-06
1586.97 , 0.999997 , 2.90295e-06
1587.07 , 0.999997 , 2.88845e-06
1587.17 , 0.999997 , 2.87406e-06
1587.27 , 0.999997 , 2.85979e-06
1587.37 , 0.999997 , 2.84564e-06
1587.47 , 0.999997 , 2.83159e-06
1587.57 , 0.999997 , 2.81766e-06
1587.67 , 0.999997 , 2.80384e-06
1587.77 , 0.999997 , 2.79012e-06
1587.87 , 0.999997 , 2.77652e-06
1587.97 , 0.999997 , 2.76302e-06
1588.07 , 0.999997 , 2.74963e-06
1588.17 , 0.999997 , 2.73634e-06
1588.27 , 0.999997 , 2.72315e-06
1588.37 , 0.999997 , 2.71007e-06
1588.47 , 0.999997 , 2.69709e-06
1588.57 , 0.999997 , 2.68421e-06
1588.67 , 0.999997 , 2.67143e-06
1588.77 , 0.999997 , 2.65875e-06
1588.87 , 0.999997 , 2.64616e-06
1588.97 , 0.999997 , 2.63367e-06
1589.07 , 0.999997 , 2.62128e-06
1589.17 , 0.999997 , 2.60898e-06
1589.27 , 0.999997 , 2.59677e-06
1589.37 , 0.999997 , 2.58465e-06
1589.47 , 0.999997 , 2.57263e-06
1589.57 , 0.999997 , 2.5607e-06
1589.67 , 0.999997 , 2.54886e-06
1589.77 , 0.999997 , 2.5371e-06
1589.87 , 0.999997 , 2.52544e-06
1589.97 , 0.999997 , 2.51386e-06
1590.07 , 0.999997 , 2.50237e-06
1590.17 , 0.999998 , 2.49096e-06
1590.27 , 0.999998 , 2.47963e-06
1590.37 , 0.999998 , 2.46839e-06
1590.47 , 0.999998 , 2.45724e-06
1590.57 , 0.999998 , 2.44616e-06
1590.67 , 0.999998 , 2.43517e-06
1590.77 , 0.999998 , 2.42426e-06
1590.87 , 0.999998 , 2.41342e-06
1590.97 , 0.999998 , 2.40267e-06
1591.07 , 0.999998 , 2.39199e-06
1591.17 , 0.999998 , 2.38139e-06
1591.27 , 0.999998 , 2.37087e-06
1591.37 , 0.999998 , 2.36042e-06
1591.47 , 0.999998 , 2.35005e-06
1591.57 , 0.999998 , 2.33975e-06
1591.67 , 0.999998 , 2.32953e-06
1591.77 , 0.999998 , 2.31938e-06
1591.87 , 0.999998 , 2.3093e-06
1591.97 , 0.999998 , 2.29929e-06
1592.07 , 0.999998 , 2.28936e-06
1592.17 , 0.999998 , 2.27949e-06
1592.27 , 0.999998 , 2.26969e-06
1592.37 , 0.999998 , 2.25997e-06
1592.47 , 0.999998 , 2.25031e-06
1592.57 , 0.999998 , 2.24071e-06
1592.67 , 0.999998 , 2.23119e-06
1592.77 , 0.999998 , 2.22173e-06
1592.87 , 0.999998 , 2.21234e-06
1592.97 , 0.999998 , 2.20301e-06
1593.07 , 0.999998 , 2.19375e-06
1593.17 , 0.999998 , 2.18455e-06
1593.27 , 0.999998 , 2.17542e-06
1593.37 , 0.999998 , 2.16634e-06
1593.47 , 0.999998 , 2.15733e-06
1593.57 , 0.999998 , 2.14839e-06
1593.67 , 0.999998 , 2.1395e-06
1593.77 , 0.999998 , 2.13067e-06
1593.87 , 0.999998 , 2.1219e-06
1593.97 , 0.999998 , 2.1132e-06
1594.07 , 0.999998 , 2.10455e-06
1594.17 , 0.999998 , 2.09596e-06
1594.27 , 0.999998 , 2.08743e-06
1594.37 , 0.999998 , 2.07895e-06
1594.47 , 0.999998 , 2.07053e-06
1594.57 , 0.999998 , 2.06217e-06
1594.67 , 0.999998 , 2.05387e-06
1594.77 , 0.999998 , 2.04562e-06
1594.87 , 0.999998 , 2.03742e-06
1594.97 , 0.999998 , 2.02928e-06
1595.07 , 0.999998 , 2.02119e-06
1595.17 , 0.999998 , 2.01316e-06
1595.27 , 0.999998 , 2.00518e-06
1595.37 , 0.999998 , 1.99725e-06
1595.47 , 0.999998 , 1.98937e-06
1595.57 , 0.999998 , 1.98155e-06
1595.67 , 0.999998 , 1.97377e-06
1595.77 , 0.999998 , 1.96605e-06
1595.87 , 0.999998 , 1.95838e-06
1595.97 , 0.999998 , 1.95075e-06
1596.07 , 0.999998 , 1.94318e-06
1596.17 , 0.999998 , 1.93565e-06
1596.27 , 0.999998 , 1.92818e-06
1596.37 , 0.999998 , 1.92075e-06
1596.47 , 0.999998 , 1.91337e-06
1596.57 , 0.999998 , 1.90603e-06
1596.67 , 0.999998 , 1.89875e-06
1596.77 , 0.999998 , 1.89151e-06
1596.87 , 0.999998 , 1.88431e-06
1596.97 , 0.999998 , 1.87717e-06
1597.07 , 0.999998 , 1.87006e-06
1597.17 , 0.999998 , 1.86301e-06
1597.27 , 0.999998 , 1.85599e-06
1597.37 , 0.999998 , 1.84902e-06
1597.47 , 0.999998 , 1.8421e-06
1597.57 , 0.999998 , 1.83522e-06
1597.67 , 0.999998 , 1.82838e-06
1597.77 , 0.999998 , 1.82158e-06
1597.87 , 0.999998 , 1.81483e-06
1597.97 , 0.999998 , 1.80812e-06
1598.07 , 0.999998 , 1.80145e-06
1598.17 , 0.999998 , 1.79482e-06
1598.27 , 0.999998 , 1.78823e-06
1598.37 , 0.999998 , 1.78168e-06
1598.47 , 0.999998 , 1.77517e-06
1598.57 , 0.999998 , 1.76871e-06
1598.67 , 0.999998 , 1.76228e-06
1598.77 , 0.999998 , 1.75589e-06
1598.87 , 0.999998 , 1.74954e-06
1598.97 , 0.999998 , 1.74323e-06
1599.07 , 0.999998 , 1.73696e-06
1599.17 , 0.999998 , 1.73073e-06
1599.27 , 0.999998 , 1.72453e-06
1599.37 , 0.999998 , 1.71838e-06
1599.47 , 0.999998 , 1.71225e-06
1599.57 , 0.999998 , 1.70617e-06
1599.67 , 0.999998 , 1.70012e-06
1599.77 , 0.999998 , 1.69411e-06
1599.87 , 0.999998 , 1.68814e-06
1599.97 , 0.999998 , 1.6822e-06
1600.08 , 0.999998 , 1.67629e-06
1600.18 , 0.999998 , 1.67042e-06
1600.28 , 0.999998 , 1.66459e-06
1600.38 , 0.999998 , 1.65879e-06
1600.48 , 0.999998 , 1.65302e-06
1600.58 , 0.999998 , 1.64729e-06
1600.68 , 0.999998 , 1.64159e-06
1600.78 , 0.999998 , 1.63593e-06
1600.88 , 0.999998 , 1.6303e-06
1600.98 , 0.999998 , 1.6247e-06
1601.08 , 0.999998 , 1.61914e-06
1601.18 , 0.999998 , 1.61361e-06
1601.28 , 0.999998 , 1.60811e-06
1601.38 , 0.999998 , 1.60264e-06
1601.48 , 0.999998 , 1.5972e-06
1601.58 , 0.999998 , 1.5918e-06
1601.68 , 0.999998 , 1.58642e-06
1601.78 , 0.999998 , 1.58108e-06
1601.88 , 0.999998 , 1.57577e-06
1601.98 , 0.999998 , 1.57049e-06
1602.08 , 0.999998 , 1.56524e-06
1602.18 , 0.999998 , 1.56001e-06
1602.28 , 0.999998 , 1.55482e-06
1602.38 , 0.999998 , 1.54966e-06
1602.48 , 0.999998 , 1.54453e-06
1602.58 , 0.999998 , 1.53943e-06
1602.68 , 0.999998 , 1.53435e-06
1602.78 , 0.999998 , 1.52931e-06
1602.88 , 0.999998 , 1.52429e-06
1602.98 , 0.999998 , 1.5193e-06
1603.08 , 0.999998 , 1.51434e-06
1603.18 , 0.999998 , 1.50941e-06
1603.28 , 0.999998 , 1.50451e-06
1603.38 , 0.999999 , 1.49963e-06
1603.48 , 0.999999 , 1.49478e-06
1603.58 , 0.999999 , 1.48996e-06
1603.68 , 0.999999 , 1.48516e-06
1603.78 , 0.999999 , 1.48039e-06
1603.88 , 0.999999 , 1.47565e-06
1603.98 , 0.999999 , 1.47093e-06
1604.08 , 0.999999 , 1.46624e-06
1604.18 , 0.999999 , 1.46158e-06
1604.28 , 0.999999 , 1.45694e-06
1604.38 , 0.999999 , 1.45233e-06
1604.48 , 0.999999 , 1.44774e-06
1604.58 , 0.999999 , 1.44318e-06
1604.68 , 0.999999 , 1.43864e-06
1604.78 , 0.999999 , 1.43413e-06
1604.88 , 0.999999 , 1.42964e-06
1604.98 , 0.999999 , 1.42517e-06
1605.08 , 0.999999 , 1.42073e-06
1605.18 , 0.999999 , 1.41632e-06
1605.28 , 0.999999 , 1.41193e-06
1605.38 , 0.999999 , 1.40756e-06
1605.48 , 0.999999 , 1.40321e-06
1605.58 , 0.999999 , 1.39889e-06
1605.68 , 0.999999 , 1.3946e-06
1605.78 , 0.999999 , 1.39032e-06
1605.88 , 0.999999 , 1.38607e-06
1605.98 , 0.999999 , 1.38184e-06
1606.08 , 0.999999 , 1.37763e-06
1606.18 , 0.999999 , 1.37345e-06
1606.28 , 0.999999 , 1.36929e-06
1606.38 , 0.999999 , 1.36515e-06
1606.48 , 0.999999 , 1.36103e-06
1606.58 , 0.999999 , 1.35694e-06
1606.68 , 0.999999 , 1.35286e-06
1606.78 , 0.999999 , 1.34881e-06
1606.88 , 0.999999 , 1.34478e-06
1606.98 , 0.999999 , 1.34077e-06
1607.08 , 0.999999 , 1.33678e-06
1607.18 , 0.999999 , 1.33281e-06
1607.28 , 0.999999 , 1.32886e-06
1607.38 , 0.999999 , 1.32494e-06
1607.48 , 0.999999 , 1.32103e-06
1607.58 , 0.999999 , 1.31715e-06
1607.68 , 0.999999 , 1.31328e-06
1607.78 , 0.999999 , 1.30943e-06
1607.88 , 0.999999 , 1.30561e-06
1607.98 , 0.999999 , 1.3018e-06
1608.08 , 0.999999 , 1.29802e-06
1608.18 , 0.999999 , 1.29425e-06
1608.28 , 0.999999 , 1.2905e-06
1608.38 , 0.999999 , 1.28677e-06
1608.48 , 0.999999 , 1.28307e-06
1608.58 , 0.999999 , 1.27938e-06
1608.68 , 0.999999 , 1.2757e-06
1608.78 , 0.999999 , 1.27205e-06
1608.88 , 0.999999 , 1.26842e-06
1608.98 , 0.999999 , 1.2648e-06
1609.08 , 0.999999 , 1.26121e-06
1609.18 , 0.999999 , 1.25763e-06
1609.28 , 0.999999 , 1.25407e-06
1609.38 , 0.999999 , 1.25053e-06
1609.48 , 0.999999 , 1.247e-06
1609.58 , 0.999999 , 1.24349e-06
1609.68 , 0.999999 , 1.24e-06
1609.78 , 0.999999 , 1.23653e-06
1609.88 , 0.999999 , 1.23308e-06
1609.98 , 0.999999 , 1.22964e-06
1610.08 , 0.999999 , 1.22622e-06
1610.18 , 0.999999 , 1.22282e-06
1610.28 , 0.999999 , 1.21943e-06
1610.38 , 0.999999 , 1.21606e-06
1610.48 , 0.999999 , 1.21271e-06
1610.58 , 0.999999 , 1.20938e-06
1610.68 , 0.999999 , 1.20606e-06
1610.78 , 0.999999 , 1.20275e-06
1610.88 , 0.999999 , 1.19947e-06
1610.98 , 0.999999 , 1.1962e-06
1611.08 , 0.999999 , 1.19294e-06
1611.18 , 0.999999 , 1.18971e-06
1611.28 , 0.999999 , 1.18648e-06
1611.38 , 0.999999 , 1.18328e-06
1611.48 , 0.999999 , 1.18009e-06
1611.58 , 0.999999 , 1.17691e-06
1611.68 , 0.999999 , 1.17375e-06
1611.78 , 0.999999 , 1.17061e-06
1611.88 , 0.999999 , 1.16748e-06
1611.98 , 0.999999 , 1.16437e-06
1612.08 , 0.999999 , 1.16127e-06
1612.18 , 0.999999 , 1.15818e-06
1612.28 , 0.999999 , 1.15511e-06
1612.38 , 0.999999 , 1.15206e-06
1612.48 , 0.999999 , 1.14902e-06
1612.58 , 0.999999 , 1.146e-06
1612.68 , 0.999999 , 1.14299e-06
1612.78 , 0.999999 , 1.13999e-06
1612.88 , 0.999999 , 1.13701e-06
1612.98 , 0.999999 , 1.13404e-06
1613.08 , 0.999999 , 1.13109e-06
1613.18 , 0.999999 , 1.12815e-06
1613.28 , 0.999999 , 1.12522e-06
1613.38 , 0.999999 , 1.12231e-06
1613.48 , 0.999999 , 1.11942e-06
1613.58 , 0.999999 , 1.11653e-06
1613.68 , 0.999999 , 1.11366e-06
1613.78 , 0.999999 , 1.11081e-06
1613.88 , 0.999999 , 1.10796e-06
1613.98 , 0.999999 , 1.10513e-06
1614.08 , 0.999999 , 1.10232e-06
1614.18 , 0.999999 , 1.09952e-06
1614.28 , 0.999999 , 1.09673e-06
1614.38 , 0.999999 , 1.09395e-06
1614.48 , 0.999999 , 1.09119e-06
1614.58 , 0.999999 , 1.08843e-06
1614.68 , 0.999999 , 1.0857e-06
1614.78 , 0.999999 , 1.08297e-06
1614.88 , 0.999999 , 1.08026e-06
1614.98 , 0.999999 , 1.07756e-06
1615.08 , 0.999999 , 1.07487e-06
1615.18 , 0.999999 , 1.0722e-06
1615.28 , 0.999999 , 1.06953e-06
1615.38 , 0.999999 , 1.06688e-06
1615.48 , 0.999999 , 1.06425e-06
1615.58 , 0.999999 , 1.06162e-06
1615.68 , 0.999999 , 1.05901e-06
1615.78 , 0.999999 , 1.0564e-06
1615.88 , 0.999999 , 1.05381e-06
1615.98 , 0.999999 , 1.05124e-06
1616.08 , 0.999999 , 1.04867e-06
1616.18 , 0.999999 , 1.04611e-06
1616.28 , 0.999999 , 1.04357e-06
1616.38 , 0.999999 , 1.04104e-06
1616.48 , 0.999999 , 1.03852e-06
1616.58 , 0.999999 , 1.03601e-06
1616.68 , 0.999999 , 1.03351e-06
1616.78 , 0.999999 , 1.03103e-06
1616.88 , 0.999999 , 1.02855e-06
1616.98 , 0.999999 , 1.02609e-06
1617.08 , 0.999999 , 1.02364e-06
1617.18 , 0.999999 , 1.0212e-06
1617.28 , 0.999999 , 1.01877e-06
1617.38 , 0.999999 , 1.01635e-06
1617.48 , 0.999999 , 1.01394e-06
1617.58 , 0.999999 , 1.01154e-06
1617.68 , 0.999999 , 1.00915e-06
1617.78 , 0.999999 , 1.00678e-06
1617.88 , 0.999999 , 1.00441e-06
1617.98 , 0.999999 , 1.00206e-06
1618.08 , 0.999999 , 9.99713e-07
1618.18 , 0.999999 , 9.97378e-07
1618.28 , 0.999999 , 9.95054e-07
1618.38 , 0.999999 , 9.92741e-07
1618.48 , 0.999999 , 9.90437e-07
1618.58 , 0.999999 , 9.88144e-07
1618.68 , 0.999999 , 9.85861e-07
1618.78 , 0.999999 , 9.83587e-07
1618.88 , 0.999999 , 9.81324e-07
1618.98 , 0.999999 , 9.79071e-07
1619.08 , 0.999999 , 9.76828e-07
1619.18 , 0.999999 , 9.74594e-07
1619.28 , 0.999999 , 9.72371e-07
1619.38 , 0.999999 , 9.70157e-07
1619.48 , 0.999999 , 9.67952e-07
1619.58 , 0.999999 , 9.65758e-07
1619.68 , 0.999999 , 9.63573e-07
1619.78 , 0.999999 , 9.61397e-07
1619.88 , 0.999999 , 9.59231e-07
1619.98 , 0.999999 , 9.57074e-07
1620.09 , 0.999999 , 9.54927e-07
1620.19 , 0.999999 , 9.52788e-07
1620.29 , 0.999999 , 9.5066e-07
1620.39 , 0.999999 , 9.4854e-07
1620.49 , 0.999999 , 9.46429e-07
1620.59 , 0.999999 , 9.44328e-07
1620.69 , 0.999999 , 9.42235e-07
1620.79 , 0.999999 , 9.40152e-07
1620.89 , 0.999999 , 9.38077e-07
1620.99 , 0.999999 , 9.36011e-07
1621.09 , 0.999999 , 9.33955e-07
1621.19 , 0.999999 , 9.31907e-07
1621.29 , 0.999999 , 9.29867e-07
1621.39 , 0.999999 , 9.27837e-07
1621.49 , 0.999999 , 9.25815e-07
1621.59 , 0.999999 , 9.23801e-07
1621.69 , 0.999999 , 9.21796e-07
1621.79 , 0.999999 , 9.198e-07
1621.89 , 0.999999 , 9.17812e-07
1621.99 , 0.999999 , 9.15833e-07
1622.09 , 0.999999 , 9.13861e-07
1622.19 , 0.999999 , 9.11899e-07
1622.29 , 0.999999 , 9.09944e-07
1622.39 , 0.999999 , 9.07998e-07
1622.49 , 0.999999 , 9.0606e-07
1622.59 , 0.999999 , 9.0413e-07
1622.69 , 0.999999 , 9.02208e-07
1622.79 , 0.999999 , 9.00294e-07
1622.89 , 0.999999 , 8.98388e-07
1622.99 , 0.999999 , 8.9649e-07
1623.09 , 0.999999 , 8.946e-07
1623.19 , 0.999999 , 8.92718e-07
1623.29 , 0.999999 , 8.90844e-07
1623.39 , 0.999999 , 8.88977e-07
1623.49 , 0.999999 , 8.87118e-07
1623.59 , 0.999999 , 8.85267e-07
1623.69 , 0.999999 , 8.83424e-07
1623.79 , 0.999999 , 8.81588e-07
1623.89 , 0.999999 , 8.7976e-07
1623.99 , 0.999999 , 8.7794e-07
1624.09 , 0.999999 , 8.76126e-07
1624.19 , 0.999999 , 8.74321e-07
1624.29 , 0.999999 , 8.72523e-07
1624.39 , 0.999999 , 8.70732e-07
1624.49 , 0.999999 , 8.68948e-07
1624.59 , 0.999999 , 8.67172e-07
1624.69 , 0.999999 , 8.65403e-07
1624.79 , 0.999999 , 8.63642e-07
1624.89 , 0.999999 , 8.61887e-07
1624.99 , 0.999999 , 8.6014e-07
1625.09 , 0.999999 , 8.584e-07
1625.19 , 0.999999 , 8.56667e-07
1625.29 , 0.999999 , 8.54941e-07
1625.39 , 0.999999 , 8.53222e-07
1625.49 , 0.999999 , 8.5151e-07
1625.59 , 0.999999 , 8.49805e-07
1625.69 , 0.999999 , 8.48106e-07
1625.79 , 0.999999 , 8.46415e-07
1625.89 , 0.999999 , 8.44731e-07
1625.99 , 0.999999 , 8.43053e-07
1626.09 , 0.999999 , 8.41382e-07
1626.19 , 0.999999 , 8.39718e-07
1626.29 , 0.999999 , 8.3806e-07
1626.39 , 0.999999 , 8.36409e-07
1626.49 , 0.999999 , 8.34765e-07
1626.59 , 0.999999 , 8.33127e-07
1626.69 , 0.999999 , 8.31496e-07
1626.79 , 0.999999 , 8.29872e-07
1626.89 , 0.999999 , 8.28253e-07
1626.99 , 0.999999 , 8.26642e-07
1627.09 , 0.999999 , 8.25037e-07
1627.19 , 0.999999 , 8.23438e-07
1627.29 , 0.999999 , 8.21845e-07
1627.39 , 0.999999 , 8.20259e-07
1627.49 , 0.999999 , 8.18679e-07
1627.59 , 0.999999 , 8.17106e-07
1627.69 , 0.999999 , 8.15538e-07
1627.79 , 0.999999 , 8.13977e-07
1627.89 , 0.999999 , 8.12422e-07
1627.99 , 0.999999 , 8.10873e-07
1628.09 , 0.999999 , 8.0933e-07
1628.19 , 0.999999 , 8.07794e-07
1628.29 , 0.999999 , 8.06263e-07
1628.39 , 0.999999 , 8.04739e-07
1628.49 , 0.999999 , 8.0322e-07
1628.59 , 0.999999 , 8.01707e-07
1628.69 , 0.999999 , 8.002e-07
1628.79 , 0.999999 , 7.987e-07
1628.89 , 0.999999 , 7.97205e-07
1628.99 , 0.999999 , 7.95715e-07
1629.09 , 0.999999 , 7.94232e-07
1629.19 , 0.999999 , 7.92754e-07
1629.29 , 0.999999 , 7.91283e-07
1629.39 , 0.999999 , 7.89817e-07
1629.49 , 0.999999 , 7.88356e-07
1629.59 , 0.999999 , 7.86901e-07
1629.69 , 0.999999 , 7.85452e-07
1629.79 , 0.999999 , 7.84009e-07
1629.89 , 0.999999 , 7.82571e-07
1629.99 , 0.999999 , 7.81139e-07
1630.09 , 0.999999 , 7.79712e-07
1630.19 , 0.999999 , 7.78291e-07
1630.29 , 0.999999 , 7.76875e-07
1630.39 , 0.999999 , 7.75464e-07
1630.49 , 0.999999 , 7.74059e-07
1630.59 , 0.999999 , 7.7266e-07
1630.69 , 0.999999 , 7.71266e-07
1630.79 , 0.999999 , 7.69877e-07
1630.89 , 0.999999 , 7.68493e-07
1630.99 , 0.999999 , 7.67115e-07
1631.09 , 0.999999 , 7.65742e-07
1631.19 , 0.999999 , 7.64374e-07
1631.29 , 0.999999 , 7.63012e-07
1631.39 , 0.999999 , 7.61654e-07
1631.49 , 0.999999 , 7.60302e-07
1631.59 , 0.999999 , 7.58955e-07
1631.69 , 0.999999 , 7.57613e-07
1631.79 , 0.999999 , 7.56277e-07
1631.89 , 0.999999 , 7.54945e-07
1631.99 , 0.999999 , 7.53618e-07
1632.09 , 0.999999 , 7.52297e-07
1632.19 , 0.999999 , 7.5098e-07
1632.29 , 0.999999 , 7.49668e-07
1632.39 , 0.999999 , 7.48362e-07
1632.49 , 0.999999 , 7.4706e-07
1632.59 , 0.999999 , 7.45763e-07
1632.69 , 0.999999 , 7.44471e-07
1632.79 , 0.999999 , 7.43184e-07
1632.89 , 0.999999 , 7.41901e-07
1632.99 , 0.999999 , 7.40624e-07
1633.09 , 0.999999 , 7.39351e-07
1633.19 , 0.999999 , 7.38083e-07
1633.29 , 0.999999 , 7.3682e-07
1633.39 , 0.999999 , 7.35562e-07
1633.49 , 0.999999 , 7.34308e-07
1633.59 , 0.999999 , 7.33059e-07
1633.69 , 0.999999 , 7.31814e-07
1633.79 , 0.999999 , 7.30574e-07
1633.89 , 0.999999 , 7.29339e-07
1633.99 , 0.999999 , 7.28109e-07
1634.09 , 0.999999 , 7.26883e-07
1634.19 , 0.999999 , 7.25661e-07
1634.29 , 0.999999 , 7.24444e-07
1634.39 , 0.999999 , 7.23232e-07
1634.49 , 0.999999 , 7.22024e-07
1634.59 , 0.999999 , 7.2082e-07
1634.69 , 0.999999 , 7.19621e-07
1634.79 , 0.999999 , 7.18427e-07
1634.89 , 0.999999 , 7.17236e-07
1634.99 , 0.999999 , 7.16051e-07
1635.09 , 0.999999 , 7.14869e-07
1635.19 , 0.999999 , 7.13692e-07
1635.29 , 0.999999 , 7.12519e-07
1635.39 , 0.999999 , 7.11351e-07
1635.49 , 0.999999 , 7.10187e-07
1635.59 , 0.999999 , 7.09027e-07
1635.69 , 0.999999 , 7.07871e-07
1635.79 , 0.999999 , 7.0672e-07
1635.89 , 0.999999 , 7.05572e-07
1635.99 , 0.999999 , 7.04429e-07
1636.09 , 0.999999 , 7.03291e-07
1636.19 , 0.999999 , 7.02156e-07
1636.29 , 0.999999 , 7.01025e-07
1636.39 , 0.999999 , 6.99899e-07
1636.49 , 0.999999 , 6.98776e-07
1636.59 , 0.999999 , 6.97658e-07
1636.69 , 0.999999 , 6.96544e-07
1636.79 , 0.999999 , 6.95434e-07
1636.89 , 0.999999 , 6.94328e-07
1636.99 , 0.999999 , 6.93225e-07
1637.09 , 0.999999 , 6.92127e-07
1637.19 , 0.999999 , 6.91033e-07
1637.29 , 0.999999 , 6.89943e-07
1637.39 , 0.999999 , 6.88857e-07
1637.49 , 0.999999 , 6.87774e-07
1637.59 , 0.999999 , 6.86696e-07
1637.69 , 0.999999 , 6.85621e-07
1637.79 , 0.999999 , 6.8455e-07
1637.89 , 0.999999 , 6.83484e-07
1637.99 , 0.999999 , 6.82421e-07
1638.09 , 0.999999 , 6.81361e-07
1638.19 , 0.999999 , 6.80306e-07
1638.29 , 0.999999 , 6.79254e-07
1638.39 , 0.999999 , 6.78206e-07
1638.49 , 0.999999 , 6.77162e-07
1638.59 , 0.999999 , 6.76122e-07
1638.69 , 0.999999 , 6.75085e-07
1638.79 , 0.999999 , 6.74052e-07
1638.89 , 0.999999 , 6.73023e-07
1638.99 , 0.999999 , 6.71997e-07
1639.09 , 0.999999 , 6.70976e-07
1639.19 , 0.999999 , 6.69957e-07
1639.29 , 0.999999 , 6.68943e-07
1639.39 , 0.999999 , 6.67931e-07
1639.49 , 0.999999 , 6.66924e-07
1639.59 , 0.999999 , 6.6592e-07
1639.69 , 0.999999 , 6.6492e-07
1639.79 , 0.999999 , 6.63923e-07
1639.89 , 0.999999 , 6.6293e-07
1639.99 , 0.999999 , 6.6194e-07
1640.1 , 0.999999 , 6.60954e-07
1640.2 , 0.999999 , 6.59971e-07
1640.3 , 0.999999 , 6.58991e-07
1640.4 , 0.999999 , 6.58016e-07
1640.5 , 0.999999 , 6.57043e-07
1640.6 , 0.999999 , 6.56074e-07
1640.7 , 0.999999 , 6.55109e-07
1640.8 , 0.999999 , 6.54146e-07
1640.9 , 0.999999 , 6.53188e-07
1641 , 0.999999 , 6.52232e-07
1641.1 , 0.999999 , 6.5128e-07
1641.2 , 0.999999 , 6.50331e-07
1641.3 , 0.999999 , 6.49386e-07
1641.4 , 0.999999 , 6.48444e-07
1641.5 , 0.999999 , 6.47505e-07
1641.6 , 0.999999 , 6.46569e-07
1641.7 , 0.999999 , 6.45637e-07
1641.8 , 0.999999 , 6.44708e-07
1641.9 , 0.999999 , 6.43782e-07
1642 , 0.999999 , 6.4286e-07
1642.1 , 0.999999 , 6.41941e-07
1642.2 , 0.999999 , 6.41024e-07
1642.3 , 0.999999 , 6.40112e-07
1642.4 , 0.999999 , 6.39202e-07
1642.5 , 0.999999 , 6.38295e-07
1642.6 , 0.999999 , 6.37392e-07
1642.7 , 0.999999 , 6.36491e-07
1642.8 , 0.999999 , 6.35594e-07
1642.9 , 0.999999 , 6.347e-07
1643 , 0.999999 , 6.33809e-07
1643.1 , 0.999999 , 6.32921e-07
1643.2 , 0.999999 , 6.32037e-07
1643.3 , 0.999999 , 6.31155e-07
1643.4 , 0.999999 , 6.30276e-07
1643.5 , 0.999999 , 6.294e-07
1643.6 , 0.999999 , 6.28528e-07
1643.7 , 0.999999 , 6.27658e-07
1643.8 , 0.999999 , 6.26791e-07
1643.9 , 0.999999 , 6.25928e-07
1644 , 0.999999 , 6.25067e-07
1644.1 , 0.999999 , 6.24209e-07
1644.2 , 0.999999 , 6.23355e-07
1644.3 , 0.999999 , 6.22503e-07
1644.4 , 0.999999 , 6.21654e-07
1644.5 , 0.999999 , 6.20808e-07
1644.6 , 0.999999 , 6.19965e-07
1644.7 , 0.999999 , 6.19125e-07
1644.8 , 0.999999 , 6.18287e-07
1644.9 , 0.999999 , 6.17453e-07
1645 , 0.999999 , 6.16621e-07
1645.1 , 0.999999 , 6.15792e-07
1645.2 , 0.999999 , 6.14966e-07
1645.3 , 0.999999 , 6.14143e-07
1645.4 , 0.999999 , 6.13323e-07
1645.5 , 0.999999 , 6.12506e-07
1645.6 , 0.999999 , 6.11691e-07
1645.7 , 0.999999 , 6.10879e-07
1645.8 , 0.999999 , 6.1007e-07
1645.9 , 0.999999 , 6.09263e-07
1646 , 0.999999 , 6.0846e-07
1646.1 , 0.999999 , 6.07659e-07
1646.2 , 0.999999 , 6.0686e-07
1646.3 , 0.999999 , 6.06065e-07
1646.4 , 0.999999 , 6.05272e-07
1646.5 , 0.999999 , 6.04482e-07
1646.6 , 0.999999 , 6.03695e-07
1646.7 , 0.999999 , 6.0291e-07
1646.8 , 0.999999 , 6.02128e-07
1646.9 , 0.999999 , 6.01348e-07
1647 , 0.999999 , 6.00571e-07
1647.1 , 0.999999 , 5.99797e-07
1647.2 , 0.999999 , 5.99025e-07
1647.3 , 0.999999 , 5.98256e-07
1647.4 , 0.999999 , 5.9749e-07
1647.5 , 0.999999 , 5.96726e-07
1647.6 , 0.999999 , 5.95965e-07
1647.7 , 0.999999 , 5.95206e-07
1647.8 , 0.999999 , 5.9445e-07
1647.9 , 0.999999 , 5.93697e-07
1648 , 0.999999 , 5.92946e-07
1648.1 , 0.999999 , 5.92197e-07
1648.2 , 0.999999 , 5.91451e-07
1648.3 , 0.999999 , 5.90708e-07
1648.4 , 0.999999 , 5.89967e-07
1648.5 , 0.999999 , 5.89228e-07
1648.6 , 0.999999 , 5.88492e-07
1648.7 , 0.999999 , 5.87759e-07
1648.8 , 0.999999 , 5.87027e-07
1648.9 , 0.999999 , 5.86299e-07
1649 , 0.999999 , 5.85573e-07
1649.1 , 0.999999 , 5.84849e-07
1649.2 , 0.999999 , 5.84127e-07
1649.3 , 0.999999 , 5.83409e-07
1649.4 , 0.999999 , 5.82692e-07
1649.5 , 0.999999 , 5.81978e-07
1649.6 , 0.999999 , 5.81266e-07
1649.7 , 0.999999 , 5.80557e-07
1649.8 , 0.999999 , 5.7985e-07
1649.9 , 0.999999 , 5.79145e-07
1650 , 0.999999 , 5.78443e-07
