1450 , 0.987757 , 0.0122425
1450.1 , 0.987735 , 0.0122654
1450.2 , 0.987712 , 0.0122884
1450.3 , 0.987689 , 0.0123115
1450.4 , 0.987665 , 0.0123346
1450.5 , 0.987642 , 0.0123578
1450.6 , 0.987619 , 0.0123811
1450.7 , 0.987596 , 0.0124044
1450.8 , 0.987572 , 0.0124278
1450.9 , 0.987549 , 0.0124513
1451 , 0.987525 , 0.0124748
1451.1 , 0.987502 , 0.0124985
1451.2 , 0.987478 , 0.0125222
1451.3 , 0.987454 , 0.012546
1451.4 , 0.98743 , 0.0125698
1451.5 , 0.987406 , 0.0125937
1451.6 , 0.987382 , 0.0126177
1451.7 , 0.987358 , 0.0126418
1451.8 , 0.987334 , 0.0126659
1451.9 , 0.98731 , 0.0126902
1452 , 0.987286 , 0.0127145
1452.1 , 0.987261 , 0.0127388
1452.2 , 0.987237 , 0.0127633
1452.3 , 0.987212 , 0.0127878
1452.4 , 0.987188 , 0.0128124
1452.5 , 0.987163 , 0.0128371
1452.6 , 0.987138 , 0.0128619
1452.7 , 0.987113 , 0.0128867
1452.8 , 0.987088 , 0.0129116
1452.9 , 0.987063 , 0.0129366
1453 , 0.987038 , 0.0129617
1453.1 , 0.987013 , 0.0129869
1453.2 , 0.986988 , 0.0130121
1453.3 , 0.986963 , 0.0130374
1453.4 , 0.986937 , 0.0130628
1453.5 , 0.986912 , 0.0130883
1453.6 , 0.986886 , 0.0131138
1453.7 , 0.986861 , 0.0131395
1453.8 , 0.986835 , 0.0131652
1453.9 , 0.986809 , 0.013191
1454 , 0.986783 , 0.0132169
1454.1 , 0.986757 , 0.0132428
1454.2 , 0.986731 , 0.0132689
1454.3 , 0.986705 , 0.013295
1454.4 , 0.986679 , 0.0133212
1454.5 , 0.986652 , 0.0133475
1454.6 , 0.986626 , 0.0133739
1454.7 , 0.9866 , 0.0134004
1454.8 , 0.986573 , 0.0134269
1454.9 , 0.986546 , 0.0134535
1455 , 0.98652 , 0.0134803
1455.1 , 0.986493 , 0.0135071
1455.2 , 0.986466 , 0.013534
1455.3 , 0.986439 , 0.0135609
1455.4 , 0.986412 , 0.013588
1455.5 , 0.986385 , 0.0136152
1455.6 , 0.986358 , 0.0136424
1455.7 , 0.98633 , 0.0136697
1455.8 , 0.986303 , 0.0136972
1455.9 , 0.986275 , 0.0137247
1456 , 0.986248 , 0.0137523
1456.1 , 0.98622 , 0.01378
1456.2 , 0.986192 , 0.0138077
1456.3 , 0.986164 , 0.0138356
1456.4 , 0.986136 , 0.0138636
1456.5 , 0.986108 , 0.0138916
1456.6 , 0.98608 , 0.0139197
1456.7 , 0.986052 , 0.013948
1456.8 , 0.986024 , 0.0139763
1456.9 , 0.985995 , 0.0140047
1457 , 0.985967 , 0.0140332
1457.1 , 0.985938 , 0.0140618
1457.2 , 0.985909 , 0.0140905
1457.3 , 0.985881 , 0.0141193
1457.4 , 0.985852 , 0.0141482
1457.5 , 0.985823 , 0.0141772
1457.6 , 0.985794 , 0.0142063
1457.7 , 0.985765 , 0.0142354
1457.8 , 0.985735 , 0.0142647
1457.9 , 0.985706 , 0.0142941
1458 , 0.985676 , 0.0143235
1458.1 , 0.985647 , 0.0143531
1458.2 , 0.985617 , 0.0143828
1458.3 , 0.985587 , 0.0144125
1458.4 , 0.985558 , 0.0144424
1458.5 , 0.985528 , 0.0144723
1458.6 , 0.985498 , 0.0145024
1458.7 , 0.985467 , 0.0145325
1458.8 , 0.985437 , 0.0145628
1458.9 , 0.985407 , 0.0145932
1459 , 0.985376 , 0.0146236
1459.1 , 0.985346 , 0.0146542
1459.2 , 0.985315 , 0.0146848
1459.3 , 0.985284 , 0.0147156
1459.4 , 0.985254 , 0.0147465
1459.5 , 0.985223 , 0.0147774
1459.6 , 0.985191 , 0.0148085
1459.7 , 0.98516 , 0.0148397
1459.8 , 0.985129 , 0.014871
1459.9 , 0.985098 , 0.0149024
1460.01 , 0.985066 , 0.0149339
1460.11 , 0.985035 , 0.0149655
1460.21 , 0.985003 , 0.0149972
1460.31 , 0.984971 , 0.015029
1460.41 , 0.984939 , 0.0150609
1460.51 , 0.984907 , 0.015093
1460.61 , 0.984875 , 0.0151251
1460.71 , 0.984843 , 0.0151573
1460.81 , 0.98481 , 0.0151897
1460.91 , 0.984778 , 0.0152222
1461.01 , 0.984745 , 0.0152548
1461.11 , 0.984713 , 0.0152875
1461.21 , 0.98468 , 0.0153203
1461.31 , 0.984647 , 0.0153532
1461.41 , 0.984614 , 0.0153862
1461.51 , 0.984581 , 0.0154193
1461.61 , 0.984547 , 0.0154526
1461.71 , 0.984514 , 0.015486
1461.81 , 0.984481 , 0.0155195
1461.91 , 0.984447 , 0.0155531
1462.01 , 0.984413 , 0.0155868
1462.11 , 0.984379 , 0.0156206
1462.21 , 0.984345 , 0.0156545
1462.31 , 0.984311 , 0.0156886
1462.41 , 0.984277 , 0.0157228
1462.51 , 0.984243 , 0.0157571
1462.61 , 0.984208 , 0.0157915
1462.71 , 0.984174 , 0.015826
1462.81 , 0.984139 , 0.0158607
1462.91 , 0.984105 , 0.0158955
1463.01 , 0.98407 , 0.0159304
1463.11 , 0.984035 , 0.0159654
1463.21 , 0.983999 , 0.0160006
1463.31 , 0.983964 , 0.0160358
1463.41 , 0.983929 , 0.0160712
1463.51 , 0.983893 , 0.0161067
1463.61 , 0.983858 , 0.0161424
1463.71 , 0.983822 , 0.0161781
1463.81 , 0.983786 , 0.016214
1463.91 , 0.98375 , 0.01625
1464.01 , 0.983714 , 0.0162862
1464.11 , 0.983678 , 0.0163224
1464.21 , 0.983641 , 0.0163588
1464.31 , 0.983605 , 0.0163953
1464.41 , 0.983568 , 0.016432
1464.51 , 0.983531 , 0.0164688
1464.61 , 0.983494 , 0.0165057
1464.71 , 0.983457 , 0.0165427
1464.81 , 0.98342 , 0.0165799
1464.91 , 0.983383 , 0.0166172
1465.01 , 0.983345 , 0.0166546
1465.11 , 0.983308 , 0.0166922
1465.21 , 0.98327 , 0.0167299
1465.31 , 0.983232 , 0.0167678
1465.41 , 0.983194 , 0.0168057
1465.51 , 0.983156 , 0.0168438
1465.61 , 0.983118 , 0.0168821
1465.71 , 0.98308 , 0.0169205
1465.81 , 0.983041 , 0.016959
1465.91 , 0.983002 , 0.0169977
1466.01 , 0.982964 , 0.0170365
1466.11 , 0.982925 , 0.0170754
1466.21 , 0.982886 , 0.0171145
1466.31 , 0.982846 , 0.0171537
1466.41 , 0.982807 , 0.017193
1466.51 , 0.982767 , 0.0172325
1466.61 , 0.982728 , 0.0172722
1466.71 , 0.982688 , 0.017312
1466.81 , 0.982648 , 0.0173519
1466.91 , 0.982608 , 0.017392
1467.01 , 0.982568 , 0.0174322
1467.11 , 0.982527 , 0.0174726
1467.21 , 0.982487 , 0.0175131
1467.31 , 0.982446 , 0.0175537
1467.41 , 0.982405 , 0.0175945
1467.51 , 0.982364 , 0.0176355
1467.61 , 0.982323 , 0.0176766
1467.71 , 0.982282 , 0.0177179
1467.81 , 0.982241 , 0.0177593
1467.91 , 0.982199 , 0.0178008
1468.01 , 0.982157 , 0.0178426
1468.11 , 0.982116 , 0.0178844
1468.21 , 0.982074 , 0.0179264
1468.31 , 0.982031 , 0.0179686
1468.41 , 0.981989 , 0.0180109
1468.51 , 0.981947 , 0.0180534
1468.61 , 0.981904 , 0.0180961
1468.71 , 0.981861 , 0.0181389
1468.81 , 0.981818 , 0.0181818
1468.91 , 0.981775 , 0.018225
1469.01 , 0.981732 , 0.0182682
1469.11 , 0.981688 , 0.0183117
1469.21 , 0.981645 , 0.0183553
1469.31 , 0.981601 , 0.018399
1469.41 , 0.981557 , 0.018443
1469.51 , 0.981513 , 0.0184871
1469.61 , 0.981469 , 0.0185313
1469.71 , 0.981424 , 0.0185757
1469.81 , 0.98138 , 0.0186203
1469.91 , 0.981335 , 0.0186651
1470.01 , 0.98129 , 0.01871
1470.11 , 0.981245 , 0.0187551
1470.21 , 0.9812 , 0.0188003
1470.31 , 0.981154 , 0.0188458
1470.41 , 0.981109 , 0.0188914
1470.51 , 0.981063 , 0.0189372
1470.61 , 0.981017 , 0.0189831
1470.71 , 0.980971 , 0.0190292
1470.81 , 0.980924 , 0.0190755
1470.91 , 0.980878 , 0.019122
1471.01 , 0.980831 , 0.0191686
1471.11 , 0.980785 , 0.0192155
1471.21 , 0.980738 , 0.0192625
1471.31 , 0.98069 , 0.0193096
1471.41 , 0.980643 , 0.019357
1471.51 , 0.980595 , 0.0194045
1471.61 , 0.980548 , 0.0194523
1471.71 , 0.9805 , 0.0195002
1471.81 , 0.980452 , 0.0195483
1471.91 , 0.980403 , 0.0195965
1472.01 , 0.980355 , 0.019645
1472.11 , 0.980306 , 0.0196936
1472.21 , 0.980258 , 0.0197425
1472.31 , 0.980209 , 0.0197915
1472.41 , 0.980159 , 0.0198407
1472.51 , 0.98011 , 0.0198901
1472.61 , 0.98006 , 0.0199397
1472.71 , 0.980011 , 0.0199895
1472.81 , 0.979961 , 0.0200395
1472.91 , 0.97991 , 0.0200896
1473.01 , 0.97986 , 0.02014
1473.11 , 0.979809 , 0.0201905
1473.21 , 0.979759 , 0.0202413
1473.31 , 0.979708 , 0.0202923
1473.41 , 0.979657 , 0.0203434
1473.51 , 0.979605 , 0.0203948
1473.61 , 0.979554 , 0.0204463
1473.71 , 0.979502 , 0.0204981
1473.81 , 0.97945 , 0.02055
1473.91 , 0.979398 , 0.0206022
1474.01 , 0.979345 , 0.0206546
1474.11 , 0.979293 , 0.0207071
1474.21 , 0.97924 , 0.0207599
1474.31 , 0.979187 , 0.0208129
1474.41 , 0.979134 , 0.0208661
1474.51 , 0.97908 , 0.0209195
1474.61 , 0.979027 , 0.0209731
1474.71 , 0.978973 , 0.021027
1474.81 , 0.978919 , 0.021081
1474.91 , 0.978865 , 0.0211353
1475.01 , 0.97881 , 0.0211898
1475.11 , 0.978756 , 0.0212445
1475.21 , 0.978701 , 0.0212994
1475.31 , 0.978645 , 0.0213545
1475.41 , 0.97859 , 0.0214099
1475.51 , 0.978535 , 0.0214654
1475.61 , 0.978479 , 0.0215212
1475.71 , 0.978423 , 0.0215773
1475.81 , 0.978366 , 0.0216335
1475.91 , 0.97831 , 0.02169
1476.01 , 0.978253 , 0.0217467
1476.11 , 0.978196 , 0.0218036
1476.21 , 0.978139 , 0.0218608
1476.31 , 0.978082 , 0.0219181
1476.41 , 0.978024 , 0.0219758
1476.51 , 0.977966 , 0.0220336
1476.61 , 0.977908 , 0.0220917
1476.71 , 0.97785 , 0.02215
1476.81 , 0.977791 , 0.0222086
1476.91 , 0.977733 , 0.0222674
1477.01 , 0.977674 , 0.0223264
1477.11 , 0.977614 , 0.0223857
1477.21 , 0.977555 , 0.0224453
1477.31 , 0.977495 , 0.022505
1477.41 , 0.977435 , 0.022565
1477.51 , 0.977375 , 0.0226253
1477.61 , 0.977314 , 0.0226858
1477.71 , 0.977253 , 0.0227466
1477.81 , 0.977192 , 0.0228076
1477.91 , 0.977131 , 0.0228688
1478.01 , 0.97707 , 0.0229303
1478.11 , 0.977008 , 0.0229921
1478.21 , 0.976946 , 0.0230541
1478.31 , 0.976884 , 0.0231164
1478.41 , 0.976821 , 0.0231789
1478.51 , 0.976758 , 0.0232417
1478.61 , 0.976695 , 0.0233048
1478.71 , 0.976632 , 0.0233681
1478.81 , 0.976568 , 0.0234317
1478.91 , 0.976504 , 0.0234955
1479.01 , 0.97644 , 0.0235596
1479.11 , 0.976376 , 0.023624
1479.21 , 0.976311 , 0.0236887
1479.31 , 0.976246 , 0.0237536
1479.41 , 0.976181 , 0.0238188
1479.51 , 0.976116 , 0.0238843
1479.61 , 0.97605 , 0.02395
1479.71 , 0.975984 , 0.024016
1479.81 , 0.975918 , 0.0240824
1479.91 , 0.975851 , 0.0241489
1480.02 , 0.975784 , 0.0242158
1480.12 , 0.975717 , 0.024283
1480.22 , 0.97565 , 0.0243504
1480.32 , 0.975582 , 0.0244181
1480.42 , 0.975514 , 0.0244861
1480.52 , 0.975446 , 0.0245544
1480.62 , 0.975377 , 0.024623
1480.72 , 0.975308 , 0.0246919
1480.82 , 0.975239 , 0.0247611
1480.92 , 0.975169 , 0.0248306
1481.02 , 0.9751 , 0.0249003
1481.12 , 0.97503 , 0.0249704
1481.22 , 0.974959 , 0.0250408
1481.32 , 0.974889 , 0.0251115
1481.42 , 0.974818 , 0.0251824
1481.52 , 0.974746 , 0.0252537
1481.62 , 0.974675 , 0.0253253
1481.72 , 0.974603 , 0.0253972
1481.82 , 0.974531 , 0.0254695
1481.92 , 0.974458 , 0.025542
1482.02 , 0.974385 , 0.0256149
1482.12 , 0.974312 , 0.025688
1482.22 , 0.974238 , 0.0257615
1482.32 , 0.974165 , 0.0258353
1482.42 , 0.974091 , 0.0259094
1482.52 , 0.974016 , 0.0259839
1482.62 , 0.973941 , 0.0260587
1482.72 , 0.973866 , 0.0261338
1482.82 , 0.973791 , 0.0262092
1482.92 , 0.973715 , 0.026285
1483.02 , 0.973639 , 0.0263611
1483.12 , 0.973562 , 0.0264375
1483.22 , 0.973486 , 0.0265143
1483.32 , 0.973409 , 0.0265914
1483.42 , 0.973331 , 0.0266689
1483.52 , 0.973253 , 0.0267467
1483.62 , 0.973175 , 0.0268248
1483.72 , 0.973097 , 0.0269033
1483.82 , 0.973018 , 0.0269822
1483.92 , 0.972939 , 0.0270614
1484.02 , 0.972859 , 0.0271409
1484.12 , 0.972779 , 0.0272208
1484.22 , 0.972699 , 0.0273011
1484.32 , 0.972618 , 0.0273817
1484.42 , 0.972537 , 0.0274627
1484.52 , 0.972456 , 0.0275441
1484.62 , 0.972374 , 0.0276258
1484.72 , 0.972292 , 0.0277079
1484.82 , 0.97221 , 0.0277903
1484.92 , 0.972127 , 0.0278732
1485.02 , 0.972044 , 0.0279564
1485.12 , 0.97196 , 0.0280399
1485.22 , 0.971876 , 0.0281239
1485.32 , 0.971792 , 0.0282083
1485.42 , 0.971707 , 0.028293
1485.52 , 0.971622 , 0.0283781
1485.62 , 0.971536 , 0.0284636
1485.72 , 0.971451 , 0.0285495
1485.82 , 0.971364 , 0.0286358
1485.92 , 0.971278 , 0.0287225
1486.02 , 0.97119 , 0.0288095
1486.12 , 0.971103 , 0.028897
1486.22 , 0.971015 , 0.0289849
1486.32 , 0.970927 , 0.0290732
1486.42 , 0.970838 , 0.0291619
1486.52 , 0.970749 , 0.029251
1486.62 , 0.970659 , 0.0293405
1486.72 , 0.97057 , 0.0294305
1486.82 , 0.970479 , 0.0295208
1486.92 , 0.970388 , 0.0296116
1487.02 , 0.970297 , 0.0297028
1487.12 , 0.970206 , 0.0297944
1487.22 , 0.970114 , 0.0298865
1487.32 , 0.970021 , 0.0299789
1487.42 , 0.969928 , 0.0300718
1487.52 , 0.969835 , 0.0301652
1487.62 , 0.969741 , 0.030259
1487.72 , 0.969647 , 0.0303532
1487.82 , 0.969552 , 0.0304479
1487.92 , 0.969457 , 0.030543
1488.02 , 0.969361 , 0.0306386
1488.12 , 0.969265 , 0.0307346
1488.22 , 0.969169 , 0.0308311
1488.32 , 0.969072 , 0.030928
1488.42 , 0.968975 , 0.0310254
1488.52 , 0.968877 , 0.0311233
1488.62 , 0.968778 , 0.0312216
1488.72 , 0.96868 , 0.0313204
1488.82 , 0.96858 , 0.0314196
1488.92 , 0.968481 , 0.0315194
1489.02 , 0.96838 , 0.0316196
1489.12 , 0.96828 , 0.0317203
1489.22 , 0.968179 , 0.0318215
1489.32 , 0.968077 , 0.0319232
1489.42 , 0.967975 , 0.0320253
1489.52 , 0.967872 , 0.032128
1489.62 , 0.967769 , 0.0322311
1489.72 , 0.967665 , 0.0323348
1489.82 , 0.967561 , 0.0324389
1489.92 , 0.967456 , 0.0325436
1490.02 , 0.967351 , 0.0326488
1490.12 , 0.967246 , 0.0327545
1490.22 , 0.967139 , 0.0328607
1490.32 , 0.967033 , 0.0329674
1490.42 , 0.966925 , 0.0330746
1490.52 , 0.966818 , 0.0331824
1490.62 , 0.966709 , 0.0332907
1490.72 , 0.9666 , 0.0333995
1490.82 , 0.966491 , 0.0335089
1490.92 , 0.966381 , 0.0336188
1491.02 , 0.966271 , 0.0337292
1491.12 , 0.96616 , 0.0338402
1491.22 , 0.966048 , 0.0339517
1491.32 , 0.965936 , 0.0340638
1491.42 , 0.965824 , 0.0341765
1491.52 , 0.96571 , 0.0342897
1491.62 , 0.965597 , 0.0344035
1491.72 , 0.965482 , 0.0345178
1491.82 , 0.965367 , 0.0346327
1491.92 , 0.965252 , 0.0347482
1492.02 , 0.965136 , 0.0348643
1492.12 , 0.965019 , 0.034981
1492.22 , 0.964902 , 0.0350982
1492.32 , 0.964784 , 0.035216
1492.42 , 0.964666 , 0.0353345
1492.52 , 0.964547 , 0.0354535
1492.62 , 0.964427 , 0.0355731
1492.72 , 0.964307 , 0.0356933
1492.82 , 0.964186 , 0.0358142
1492.92 , 0.964064 , 0.0359356
1493.02 , 0.963942 , 0.0360577
1493.12 , 0.96382 , 0.0361804
1493.22 , 0.963696 , 0.0363037
1493.32 , 0.963572 , 0.0364277
1493.42 , 0.963448 , 0.0365523
1493.52 , 0.963322 , 0.0366775
1493.62 , 0.963197 , 0.0368034
1493.72 , 0.96307 , 0.0369299
1493.82 , 0.962943 , 0.0370571
1493.92 , 0.962815 , 0.0371849
1494.02 , 0.962687 , 0.0373134
1494.12 , 0.962557 , 0.0374426
1494.22 , 0.962428 , 0.0375724
1494.32 , 0.962297 , 0.0377029
1494.42 , 0.962166 , 0.0378341
1494.52 , 0.962034 , 0.0379659
1494.62 , 0.961901 , 0.0380985
1494.72 , 0.961768 , 0.0382318
1494.82 , 0.961634 , 0.0383657
1494.92 , 0.9615 , 0.0385003
1495.02 , 0.961364 , 0.0386357
1495.12 , 0.961228 , 0.0387718
1495.22 , 0.961091 , 0.0389086
1495.32 , 0.960954 , 0.0390461
1495.42 , 0.960816 , 0.0391843
1495.52 , 0.960677 , 0.0393233
1495.62 , 0.960537 , 0.039463
1495.72 , 0.960397 , 0.0396034
1495.82 , 0.960255 , 0.0397446
1495.92 , 0.960113 , 0.0398866
1496.02 , 0.959971 , 0.0400293
1496.12 , 0.959827 , 0.0401728
1496.22 , 0.959683 , 0.040317
1496.32 , 0.959538 , 0.040462
1496.42 , 0.959392 , 0.0406078
1496.52 , 0.959246 , 0.0407544
1496.62 , 0.959098 , 0.0409017
1496.72 , 0.95895 , 0.0410499
1496.82 , 0.958801 , 0.0411989
1496.92 , 0.958651 , 0.0413486
1497.02 , 0.958501 , 0.0414992
1497.12 , 0.958349 , 0.0416506
1497.22 , 0.958197 , 0.0418029
1497.32 , 0.958044 , 0.0419559
1497.42 , 0.95789 , 0.0421098
1497.52 , 0.957735 , 0.0422646
1497.62 , 0.95758 , 0.0424201
1497.72 , 0.957423 , 0.0425766
1497.82 , 0.957266 , 0.0427339
1497.92 , 0.957108 , 0.0428921
1498.02 , 0.956949 , 0.0430511
1498.12 , 0.956789 , 0.043211
1498.22 , 0.956628 , 0.0433718
1498.32 , 0.956466 , 0.0435335
1498.42 , 0.956304 , 0.0436961
1498.52 , 0.95614 , 0.0438596
1498.62 , 0.955976 , 0.044024
1498.72 , 0.955811 , 0.0441894
1498.82 , 0.955644 , 0.0443556
1498.92 , 0.955477 , 0.0445228
1499.02 , 0.955309 , 0.0446909
1499.12 , 0.95514 , 0.04486
1499.22 , 0.95497 , 0.04503
1499.32 , 0.954799 , 0.045201
1499.42 , 0.954627 , 0.045373
1499.52 , 0.954454 , 0.0455459
1499.62 , 0.95428 , 0.0457198
1499.72 , 0.954105 , 0.0458947
1499.82 , 0.953929 , 0.0460706
1499.92 , 0.953753 , 0.0462474
1500.03 , 0.953575 , 0.0464253
1500.13 , 0.953396 , 0.0466043
1500.23 , 0.953216 , 0.0467842
1500.33 , 0.953035 , 0.0469652
1500.43 , 0.952853 , 0.0471472
1500.53 , 0.95267 , 0.0473302
1500.63 , 0.952486 , 0.0475144
1500.73 , 0.9523 , 0.0476995
1500.83 , 0.952114 , 0.0478858
1500.93 , 0.951927 , 0.0480731
1501.03 , 0.951738 , 0.0482615
1501.13 , 0.951549 , 0.0484511
1501.23 , 0.951358 , 0.0486417
1501.33 , 0.951167 , 0.0488334
1501.43 , 0.950974 , 0.0490263
1501.53 , 0.95078 , 0.0492203
1501.63 , 0.950585 , 0.0494154
1501.73 , 0.950388 , 0.0496117
1501.83 , 0.950191 , 0.0498091
1501.93 , 0.949992 , 0.0500077
1502.03 , 0.949793 , 0.0502075
1502.13 , 0.949592 , 0.0504084
1502.23 , 0.949389 , 0.0506106
1502.33 , 0.949186 , 0.0508139
1502.43 , 0.948982 , 0.0510185
1502.53 , 0.948776 , 0.0512242
1502.63 , 0.948569 , 0.0514312
1502.73 , 0.948361 , 0.0516395
1502.83 , 0.948151 , 0.051849
1502.93 , 0.94794 , 0.0520597
1503.03 , 0.947728 , 0.0522717
1503.13 , 0.947515 , 0.052485
1503.23 , 0.9473 , 0.0526996
1503.33 , 0.947084 , 0.0529155
1503.43 , 0.946867 , 0.0531327
1503.53 , 0.946649 , 0.0533512
1503.63 , 0.946429 , 0.0535711
1503.73 , 0.946208 , 0.0537923
1503.83 , 0.945985 , 0.0540148
1503.93 , 0.945761 , 0.0542387
1504.03 , 0.945536 , 0.0544639
1504.13 , 0.945309 , 0.0546906
1504.23 , 0.945081 , 0.0549186
1504.33 , 0.944852 , 0.0551481
1504.43 , 0.944621 , 0.055379
1504.53 , 0.944389 , 0.0556112
1504.63 , 0.944155 , 0.055845
1504.73 , 0.94392 , 0.0560802
1504.83 , 0.943683 , 0.0563168
1504.93 , 0.943445 , 0.0565549
1505.03 , 0.943205 , 0.0567945
1505.13 , 0.942964 , 0.0570356
1505.23 , 0.942722 , 0.0572783
1505.33 , 0.942478 , 0.0575224
1505.43 , 0.942232 , 0.0577681
1505.53 , 0.941985 , 0.0580153
1505.63 , 0.941736 , 0.0582641
1505.73 , 0.941486 , 0.0585144
1505.83 , 0.941234 , 0.0587664
1505.93 , 0.94098 , 0.0590199
1506.03 , 0.940725 , 0.0592751
1506.13 , 0.940468 , 0.0595318
1506.23 , 0.94021 , 0.0597902
1506.33 , 0.93995 , 0.0600503
1506.43 , 0.939688 , 0.060312
1506.53 , 0.939425 , 0.0605755
1506.63 , 0.939159 , 0.0608406
1506.73 , 0.938893 , 0.0611074
1506.83 , 0.938624 , 0.0613759
1506.93 , 0.938354 , 0.0616462
1507.03 , 0.938082 , 0.0619182
1507.13 , 0.937808 , 0.062192
1507.23 , 0.937532 , 0.0624676
1507.33 , 0.937255 , 0.062745
1507.43 , 0.936976 , 0.0630242
1507.53 , 0.936695 , 0.0633052
1507.63 , 0.936412 , 0.063588
1507.73 , 0.936127 , 0.0638727
1507.83 , 0.935841 , 0.0641593
1507.93 , 0.935552 , 0.0644478
1508.03 , 0.935262 , 0.0647382
1508.13 , 0.93497 , 0.0650305
1508.23 , 0.934675 , 0.0653247
1508.33 , 0.934379 , 0.0656209
1508.43 , 0.934081 , 0.0659191
1508.53 , 0.933781 , 0.0662192
1508.63 , 0.933479 , 0.0665214
1508.73 , 0.933174 , 0.0668256
1508.83 , 0.932868 , 0.0671318
1508.93 , 0.93256 , 0.0674401
1509.03 , 0.93225 , 0.0677505
1509.13 , 0.931937 , 0.0680629
1509.23 , 0.931623 , 0.0683775
1509.33 , 0.931306 , 0.0686942
1509.43 , 0.930987 , 0.069013
1509.53 , 0.930666 , 0.0693341
1509.63 , 0.930343 , 0.0696573
1509.73 , 0.930017 , 0.0699827
1509.83 , 0.92969 , 0.0703103
1509.93 , 0.92936 , 0.0706402
1510.03 , 0.929028 , 0.0709724
1510.13 , 0.928693 , 0.0713068
1510.23 , 0.928356 , 0.0716436
1510.33 , 0.928017 , 0.0719826
1510.43 , 0.927676 , 0.0723241
1510.53 , 0.927332 , 0.0726678
1510.63 , 0.926986 , 0.073014
1510.73 , 0.926637 , 0.0733626
1510.83 , 0.926286 , 0.0737137
1510.93 , 0.925933 , 0.0740671
1511.03 , 0.925577 , 0.0744231
1511.13 , 0.925218 , 0.0747816
1511.23 , 0.924857 , 0.0751425
1511.33 , 0.924494 , 0.0755061
1511.43 , 0.924128 , 0.0758722
1511.53 , 0.923759 , 0.0762409
1511.63 , 0.923388 , 0.0766122
1511.73 , 0.923014 , 0.0769861
1511.83 , 0.922637 , 0.0773627
1511.93 , 0.922258 , 0.077742
1512.03 , 0.921876 , 0.078124
1512.13 , 0.921491 , 0.0785088
1512.23 , 0.921104 , 0.0788963
1512.33 , 0.920713 , 0.0792866
1512.43 , 0.92032 , 0.0796797
1512.53 , 0.919924 , 0.0800756
1512.63 , 0.919526 , 0.0804745
1512.73 , 0.919124 , 0.0808762
1512.83 , 0.918719 , 0.0812808
1512.93 , 0.918312 , 0.0816884
1513.03 , 0.917901 , 0.082099
1513.13 , 0.917487 , 0.0825125
1513.23 , 0.917071 , 0.0829291
1513.33 , 0.916651 , 0.0833488
1513.43 , 0.916228 , 0.0837715
1513.53 , 0.915803 , 0.0841974
1513.63 , 0.915374 , 0.0846264
1513.73 , 0.914941 , 0.0850586
1513.83 , 0.914506 , 0.085494
1513.93 , 0.914067 , 0.0859326
1514.03 , 0.913626 , 0.0863745
1514.13 , 0.91318 , 0.0868197
1514.23 , 0.912732 , 0.0872682
1514.33 , 0.91228 , 0.0877201
1514.43 , 0.911825 , 0.0881754
1514.53 , 0.911366 , 0.0886342
1514.63 , 0.910904 , 0.0890963
1514.73 , 0.910438 , 0.089562
1514.83 , 0.909969 , 0.0900312
1514.93 , 0.909496 , 0.090504
1515.03 , 0.90902 , 0.0909804
1515.13 , 0.90854 , 0.0914604
1515.23 , 0.908056 , 0.0919441
1515.33 , 0.907569 , 0.0924315
1515.43 , 0.907077 , 0.0929226
1515.53 , 0.906582 , 0.0934175
1515.63 , 0.906084 , 0.0939162
1515.73 , 0.905581 , 0.0944188
1515.83 , 0.905075 , 0.0949253
1515.93 , 0.904564 , 0.0954357
1516.03 , 0.90405 , 0.09595
1516.13 , 0.903532 , 0.0964684
1516.23 , 0.903009 , 0.0969908
1516.33 , 0.902483 , 0.0975173
1516.43 , 0.901952 , 0.0980479
1516.53 , 0.901417 , 0.0985828
1516.63 , 0.900878 , 0.0991218
1516.73 , 0.900335 , 0.099665
1516.83 , 0.899787 , 0.100213
1516.93 , 0.899235 , 0.100765
1517.03 , 0.898679 , 0.101321
1517.13 , 0.898118 , 0.101882
1517.23 , 0.897553 , 0.102447
1517.33 , 0.896984 , 0.103016
1517.43 , 0.896409 , 0.103591
1517.53 , 0.89583 , 0.10417
1517.63 , 0.895247 , 0.104753
1517.73 , 0.894659 , 0.105341
1517.83 , 0.894066 , 0.105934
1517.93 , 0.893468 , 0.106532
1518.03 , 0.892865 , 0.107135
1518.13 , 0.892258 , 0.107742
1518.23 , 0.891645 , 0.108355
1518.33 , 0.891028 , 0.108972
1518.43 , 0.890405 , 0.109595
1518.53 , 0.889777 , 0.110223
1518.63 , 0.889144 , 0.110856
1518.73 , 0.888506 , 0.111494
1518.83 , 0.887863 , 0.112137
1518.93 , 0.887214 , 0.112786
1519.03 , 0.88656 , 0.11344
1519.13 , 0.885901 , 0.114099
1519.23 , 0.885236 , 0.114764
1519.33 , 0.884565 , 0.115435
1519.43 , 0.883889 , 0.116111
1519.53 , 0.883208 , 0.116792
1519.63 , 0.88252 , 0.11748
1519.73 , 0.881827 , 0.118173
1519.83 , 0.881128 , 0.118872
1519.93 , 0.880422 , 0.119578
1520.04 , 0.879711 , 0.120289
1520.14 , 0.878994 , 0.121006
1520.24 , 0.878271 , 0.121729
1520.34 , 0.877542 , 0.122458
1520.44 , 0.876806 , 0.123194
1520.54 , 0.876064 , 0.123936
1520.64 , 0.875316 , 0.124684
1520.74 , 0.874561 , 0.125439
1520.84 , 0.8738 , 0.1262
1520.94 , 0.873032 , 0.126968
1521.04 , 0.872258 , 0.127742
1521.14 , 0.871476 , 0.128524
1521.24 , 0.870688 , 0.129312
1521.34 , 0.869894 , 0.130106
1521.44 , 0.869092 , 0.130908
1521.54 , 0.868283 , 0.131717
1521.64 , 0.867467 , 0.132533
1521.74 , 0.866644 , 0.133356
1521.84 , 0.865813 , 0.134187
1521.94 , 0.864976 , 0.135024
1522.04 , 0.864131 , 0.135869
1522.14 , 0.863278 , 0.136722
1522.24 , 0.862418 , 0.137582
1522.34 , 0.86155 , 0.13845
1522.44 , 0.860674 , 0.139326
1522.54 , 0.859791 , 0.140209
1522.64 , 0.858899 , 0.141101
1522.74 , 0.858 , 0.142
1522.84 , 0.857093 , 0.142907
1522.94 , 0.856177 , 0.143823
1523.04 , 0.855253 , 0.144747
1523.14 , 0.85432 , 0.14568
1523.24 , 0.85338 , 0.14662
1523.34 , 0.85243 , 0.14757
1523.44 , 0.851472 , 0.148528
1523.54 , 0.850505 , 0.149495
1523.64 , 0.84953 , 0.15047
1523.74 , 0.848545 , 0.151455
1523.84 , 0.847551 , 0.152449
1523.94 , 0.846548 , 0.153452
1524.04 , 0.845536 , 0.154464
1524.14 , 0.844515 , 0.155485
1524.24 , 0.843483 , 0.156517
1524.34 , 0.842443 , 0.157557
1524.44 , 0.841393 , 0.158607
1524.54 , 0.840332 , 0.159668
1524.64 , 0.839262 , 0.160738
1524.74 , 0.838182 , 0.161818
1524.84 , 0.837092 , 0.162908
1524.94 , 0.835991 , 0.164009
1525.04 , 0.83488 , 0.16512
1525.14 , 0.833759 , 0.166241
1525.24 , 0.832627 , 0.167373
1525.34 , 0.831484 , 0.168516
1525.44 , 0.83033 , 0.16967
1525.54 , 0.829166 , 0.170834
1525.64 , 0.82799 , 0.17201
1525.74 , 0.826803 , 0.173197
1525.84 , 0.825604 , 0.174396
1525.94 , 0.824394 , 0.175606
1526.04 , 0.823173 , 0.176827
1526.14 , 0.821939 , 0.178061
1526.24 , 0.820694 , 0.179306
1526.34 , 0.819436 , 0.180564
1526.44 , 0.818167 , 0.181833
1526.54 , 0.816884 , 0.183116
1526.64 , 0.81559 , 0.18441
1526.74 , 0.814283 , 0.185717
1526.84 , 0.812963 , 0.187037
1526.94 , 0.81163 , 0.18837
1527.04 , 0.810284 , 0.189716
1527.14 , 0.808924 , 0.191076
1527.24 , 0.807552 , 0.192448
1527.34 , 0.806165 , 0.193835
1527.44 , 0.804765 , 0.195235
1527.54 , 0.803351 , 0.196649
1527.64 , 0.801923 , 0.198077
1527.74 , 0.800481 , 0.199519
1527.84 , 0.799025 , 0.200975
1527.94 , 0.797554 , 0.202446
1528.04 , 0.796068 , 0.203932
1528.14 , 0.794567 , 0.205433
1528.24 , 0.793051 , 0.206949
1528.34 , 0.79152 , 0.20848
1528.44 , 0.789973 , 0.210027
1528.54 , 0.788411 , 0.211589
1528.64 , 0.786833 , 0.213167
1528.74 , 0.785239 , 0.214761
1528.84 , 0.783629 , 0.216371
1528.94 , 0.782003 , 0.217997
1529.04 , 0.780359 , 0.219641
1529.14 , 0.7787 , 0.2213
1529.24 , 0.777023 , 0.222977
1529.34 , 0.775329 , 0.224671
1529.44 , 0.773617 , 0.226383
1529.54 , 0.771888 , 0.228112
1529.64 , 0.770142 , 0.229858
1529.74 , 0.768377 , 0.231623
1529.84 , 0.766594 , 0.233406
1529.94 , 0.764792 , 0.235208
1530.04 , 0.762972 , 0.237028
1530.14 , 0.761134 , 0.238866
1530.24 , 0.759276 , 0.240724
1530.34 , 0.757398 , 0.242602
1530.44 , 0.755502 , 0.244498
1530.54 , 0.753585 , 0.246415
1530.64 , 0.751649 , 0.248351
1530.74 , 0.749692 , 0.250308
1530.84 , 0.747715 , 0.252285
1530.94 , 0.745717 , 0.254283
1531.04 , 0.743698 , 0.256302
1531.14 , 0.741658 , 0.258342
1531.24 , 0.739596 , 0.260404
1531.34 , 0.737513 , 0.262487
1531.44 , 0.735408 , 0.264592
1531.54 , 0.733281 , 0.266719
1531.64 , 0.731131 , 0.268869
1531.74 , 0.728959 , 0.271041
1531.84 , 0.726763 , 0.273237
1531.94 , 0.724545 , 0.275455
1532.04 , 0.722303 , 0.277697
1532.14 , 0.720037 , 0.279963
1532.24 , 0.717747 , 0.282253
1532.34 , 0.715433 , 0.284567
1532.44 , 0.713094 , 0.286906
1532.54 , 0.710731 , 0.289269
1532.64 , 0.708342 , 0.291658
1532.74 , 0.705928 , 0.294072
1532.84 , 0.703488 , 0.296512
1532.94 , 0.701023 , 0.298977
1533.04 , 0.698531 , 0.301469
1533.14 , 0.696012 , 0.303988
1533.24 , 0.693467 , 0.306533
1533.34 , 0.690895 , 0.309105
1533.44 , 0.688295 , 0.311705
1533.54 , 0.685667 , 0.314333
1533.64 , 0.683012 , 0.316988
1533.74 , 0.680328 , 0.319672
1533.84 , 0.677616 , 0.322384
1533.94 , 0.674874 , 0.325126
1534.04 , 0.672104 , 0.327896
1534.14 , 0.669304 , 0.330696
1534.24 , 0.666474 , 0.333526
1534.34 , 0.663614 , 0.336386
1534.44 , 0.660724 , 0.339276
1534.54 , 0.657803 , 0.342197
1534.64 , 0.654851 , 0.345149
1534.74 , 0.651868 , 0.348132
1534.84 , 0.648854 , 0.351146
1534.94 , 0.645807 , 0.354193
1535.04 , 0.642728 , 0.357272
1535.14 , 0.639617 , 0.360383
1535.24 , 0.636472 , 0.363528
1535.34 , 0.633295 , 0.366705
1535.44 , 0.630084 , 0.369916
1535.54 , 0.62684 , 0.37316
1535.64 , 0.623562 , 0.376438
1535.74 , 0.620249 , 0.379751
1535.84 , 0.616902 , 0.383098
1535.94 , 0.61352 , 0.38648
1536.04 , 0.610103 , 0.389897
1536.14 , 0.60665 , 0.39335
1536.24 , 0.603162 , 0.396838
1536.34 , 0.599638 , 0.400362
1536.44 , 0.596077 , 0.403923
1536.54 , 0.59248 , 0.40752
1536.64 , 0.588846 , 0.411154
1536.74 , 0.585176 , 0.414824
1536.84 , 0.581468 , 0.418532
1536.94 , 0.577722 , 0.422278
1537.04 , 0.573939 , 0.426061
1537.14 , 0.570118 , 0.429882
1537.24 , 0.566259 , 0.433741
1537.34 , 0.562361 , 0.437639
1537.44 , 0.558425 , 0.441575
1537.54 , 0.554449 , 0.445551
1537.64 , 0.550435 , 0.449565
1537.74 , 0.546382 , 0.453618
1537.84 , 0.54229 , 0.45771
1537.94 , 0.538158 , 0.461842
1538.04 , 0.533987 , 0.466013
1538.14 , 0.529775 , 0.470225
1538.24 , 0.525524 , 0.474476
1538.34 , 0.521234 , 0.478766
1538.44 , 0.516903 , 0.483097
1538.54 , 0.512532 , 0.487468
1538.64 , 0.508121 , 0.491879
1538.74 , 0.50367 , 0.49633
1538.84 , 0.499179 , 0.500821
1538.94 , 0.494647 , 0.505353
1539.04 , 0.490076 , 0.509924
1539.14 , 0.485464 , 0.514536
1539.24 , 0.480813 , 0.519187
1539.34 , 0.476121 , 0.523879
1539.44 , 0.47139 , 0.52861
1539.54 , 0.466619 , 0.533381
1539.64 , 0.461809 , 0.538191
1539.74 , 0.456959 , 0.543041
1539.84 , 0.452071 , 0.547929
1539.94 , 0.447143 , 0.552857
1540.05 , 0.442177 , 0.557823
1540.15 , 0.437173 , 0.562827
1540.25 , 0.432131 , 0.567869
1540.35 , 0.427051 , 0.572949
1540.45 , 0.421935 , 0.578065
1540.55 , 0.416781 , 0.583219
1540.65 , 0.411592 , 0.588408
1540.75 , 0.406367 , 0.593633
1540.85 , 0.401107 , 0.598893
1540.95 , 0.395812 , 0.604188
1541.05 , 0.390483 , 0.609517
1541.15 , 0.385121 , 0.614879
1541.25 , 0.379727 , 0.620273
1541.35 , 0.374301 , 0.625699
1541.45 , 0.368845 , 0.631155
1541.55 , 0.363358 , 0.636642
1541.65 , 0.357842 , 0.642158
1541.75 , 0.352298 , 0.647702
1541.85 , 0.346727 , 0.653273
1541.95 , 0.34113 , 0.65887
1542.05 , 0.335508 , 0.664492
1542.15 , 0.329862 , 0.670138
1542.25 , 0.324194 , 0.675806
1542.35 , 0.318504 , 0.681496
1542.45 , 0.312795 , 0.687205
1542.55 , 0.307067 , 0.692933
1542.65 , 0.301322 , 0.698678
1542.75 , 0.295562 , 0.704438
1542.85 , 0.289788 , 0.710212
1542.95 , 0.284001 , 0.715999
1543.05 , 0.278204 , 0.721796
1543.15 , 0.272398 , 0.727602
1543.25 , 0.266585 , 0.733415
1543.35 , 0.260767 , 0.739233
1543.45 , 0.254945 , 0.745055
1543.55 , 0.249123 , 0.750877
1543.65 , 0.243302 , 0.756698
1543.75 , 0.237483 , 0.762517
1543.85 , 0.23167 , 0.76833
1543.95 , 0.225865 , 0.774135
1544.05 , 0.22007 , 0.77993
1544.15 , 0.214287 , 0.785713
1544.25 , 0.208518 , 0.791482
1544.35 , 0.202767 , 0.797233
1544.45 , 0.197036 , 0.802964
1544.55 , 0.191328 , 0.808672
1544.65 , 0.185645 , 0.814355
1544.75 , 0.17999 , 0.82001
1544.85 , 0.174365 , 0.825635
1544.95 , 0.168775 , 0.831225
1545.05 , 0.163221 , 0.836779
1545.15 , 0.157706 , 0.842294
1545.25 , 0.152234 , 0.847766
1545.35 , 0.146808 , 0.853192
1545.45 , 0.141431 , 0.858569
1545.55 , 0.136105 , 0.863895
1545.65 , 0.130834 , 0.869166
1545.75 , 0.125622 , 0.874378
1545.85 , 0.120471 , 0.879529
1545.95 , 0.115384 , 0.884616
1546.05 , 0.110366 , 0.889634
1546.15 , 0.105419 , 0.894581
1546.25 , 0.100546 , 0.899454
1546.35 , 0.0957511 , 0.904249
1546.45 , 0.0910374 , 0.908963
1546.55 , 0.0864081 , 0.913592
1546.65 , 0.0818664 , 0.918134
1546.75 , 0.0774158 , 0.922584
1546.85 , 0.0730595 , 0.926941
1546.95 , 0.0688006 , 0.931199
1547.05 , 0.0646425 , 0.935358
1547.15 , 0.0605882 , 0.939412
1547.25 , 0.056641 , 0.943359
1547.35 , 0.052804 , 0.947196
1547.45 , 0.0490801 , 0.95092
1547.55 , 0.0454724 , 0.954528
1547.65 , 0.0419838 , 0.958016
1547.75 , 0.0386171 , 0.961383
1547.85 , 0.0353753 , 0.964625
1547.95 , 0.0322609 , 0.967739
1548.05 , 0.0292766 , 0.970723
1548.15 , 0.0264249 , 0.973575
1548.25 , 0.0237084 , 0.976292
1548.35 , 0.0211293 , 0.978871
1548.45 , 0.0186899 , 0.98131
1548.55 , 0.0163923 , 0.983608
1548.65 , 0.0142386 , 0.985761
1548.75 , 0.0122306 , 0.987769
1548.85 , 0.0103702 , 0.98963
1548.95 , 0.00865891 , 0.991341
1549.05 , 0.00709839 , 0.992902
1549.15 , 0.00568998 , 0.99431
1549.25 , 0.00443494 , 0.995565
1549.35 , 0.00333439 , 0.996666
1549.45 , 0.0023893 , 0.997611
1549.55 , 0.00160051 , 0.998399
1549.65 , 0.000968698 , 0.999031
1549.75 , 0.000494405 , 0.999506
1549.85 , 0.000178019 , 0.999822
1549.95 , 1.97805e-05 , 0.99998
1550.05 , 1.97779e-05 , 0.99998
1550.15 , 0.00017795 , 0.999822
1550.25 , 0.000494086 , 0.999506
1550.35 , 0.000967824 , 0.999032
1550.45 , 0.00159865 , 0.998401
1550.55 , 0.00238592 , 0.997614
1550.65 , 0.00332882 , 0.996671
1550.75 , 0.0044264 , 0.995574
1550.85 , 0.00567758 , 0.994322
1550.95 , 0.00708112 , 0.992919
1551.05 , 0.00863567 , 0.991364
1551.15 , 0.0103397 , 0.98966
1551.25 , 0.0121917 , 0.987808
1551.35 , 0.0141897 , 0.98581
1551.45 , 0.016332 , 0.983668
1551.55 , 0.0186166 , 0.981383
1551.65 , 0.0210414 , 0.978959
1551.75 , 0.023604 , 0.976396
1551.85 , 0.0263023 , 0.973698
1551.95 , 0.0291338 , 0.970866
1552.05 , 0.032096 , 0.967904
1552.15 , 0.0351863 , 0.964814
1552.25 , 0.038402 , 0.961598
1552.35 , 0.0417404 , 0.95826
1552.45 , 0.0451986 , 0.954801
1552.55 , 0.0487737 , 0.951226
1552.65 , 0.0524628 , 0.947537
1552.75 , 0.0562629 , 0.943737
1552.85 , 0.0601708 , 0.939829
1552.95 , 0.0641835 , 0.935816
1553.05 , 0.0682979 , 0.931702
1553.15 , 0.0725106 , 0.927489
1553.25 , 0.0768187 , 0.923181
1553.35 , 0.0812187 , 0.918781
1553.45 , 0.0857075 , 0.914292
1553.55 , 0.0902818 , 0.909718
1553.65 , 0.0949384 , 0.905062
1553.75 , 0.0996739 , 0.900326
1553.85 , 0.104485 , 0.895515
1553.95 , 0.109369 , 0.890631
1554.05 , 0.114321 , 0.885679
1554.15 , 0.11934 , 0.88066
1554.25 , 0.124422 , 0.875578
1554.35 , 0.129562 , 0.870438
1554.45 , 0.13476 , 0.86524
1554.55 , 0.14001 , 0.85999
1554.65 , 0.145311 , 0.854689
1554.75 , 0.150659 , 0.849341
1554.85 , 0.15605 , 0.84395
1554.95 , 0.161483 , 0.838517
1555.05 , 0.166954 , 0.833046
1555.15 , 0.17246 , 0.82754
1555.25 , 0.177998 , 0.822002
1555.35 , 0.183566 , 0.816434
1555.45 , 0.189161 , 0.810839
1555.55 , 0.19478 , 0.80522
1555.65 , 0.20042 , 0.79958
1555.75 , 0.20608 , 0.79392
1555.85 , 0.211755 , 0.788245
1555.95 , 0.217445 , 0.782555
1556.05 , 0.223146 , 0.776854
1556.15 , 0.228857 , 0.771143
1556.25 , 0.234575 , 0.765425
1556.35 , 0.240297 , 0.759703
1556.45 , 0.246022 , 0.753978
1556.55 , 0.251748 , 0.748252
1556.65 , 0.257472 , 0.742528
1556.75 , 0.263193 , 0.736807
1556.85 , 0.268908 , 0.731092
1556.95 , 0.274616 , 0.725384
1557.05 , 0.280316 , 0.719684
1557.15 , 0.286005 , 0.713995
1557.25 , 0.291681 , 0.708319
1557.35 , 0.297344 , 0.702656
1557.45 , 0.302992 , 0.697008
1557.55 , 0.308622 , 0.691378
1557.65 , 0.314235 , 0.685765
1557.75 , 0.319828 , 0.680172
1557.85 , 0.3254 , 0.6746
1557.95 , 0.33095 , 0.66905
1558.05 , 0.336477 , 0.663523
1558.15 , 0.341979 , 0.658021
1558.25 , 0.347456 , 0.652544
1558.35 , 0.352907 , 0.647093
1558.45 , 0.358329 , 0.641671
1558.55 , 0.363724 , 0.636276
1558.65 , 0.369089 , 0.630911
1558.75 , 0.374425 , 0.625575
1558.85 , 0.379729 , 0.620271
1558.95 , 0.385002 , 0.614998
1559.05 , 0.390242 , 0.609758
1559.15 , 0.395449 , 0.604551
1559.25 , 0.400623 , 0.599377
1559.35 , 0.405763 , 0.594237
1559.45 , 0.410868 , 0.589132
1559.55 , 0.415938 , 0.584062
1559.65 , 0.420972 , 0.579028
1559.75 , 0.42597 , 0.57403
1559.85 , 0.430932 , 0.569068
1559.95 , 0.435856 , 0.564144
1560.06 , 0.440744 , 0.559256
1560.16 , 0.445594 , 0.554406
1560.26 , 0.450407 , 0.549593
1560.36 , 0.455181 , 0.544819
1560.46 , 0.459917 , 0.540083
1560.56 , 0.464615 , 0.535385
1560.66 , 0.469275 , 0.530725
1560.76 , 0.473896 , 0.526104
1560.86 , 0.478478 , 0.521522
1560.96 , 0.483021 , 0.516979
1561.06 , 0.487525 , 0.512475
1561.16 , 0.491991 , 0.508009
1561.26 , 0.496417 , 0.503583
1561.36 , 0.500804 , 0.499196
1561.46 , 0.505153 , 0.494847
1561.56 , 0.509462 , 0.490538
1561.66 , 0.513733 , 0.486267
1561.76 , 0.517964 , 0.482036
1561.86 , 0.522157 , 0.477843
1561.96 , 0.526312 , 0.473688
1562.06 , 0.530427 , 0.469573
1562.16 , 0.534505 , 0.465495
1562.26 , 0.538544 , 0.461456
1562.36 , 0.542544 , 0.457456
1562.46 , 0.546507 , 0.453493
1562.56 , 0.550432 , 0.449568
1562.66 , 0.554319 , 0.445681
1562.76 , 0.558169 , 0.441831
1562.86 , 0.561981 , 0.438019
1562.96 , 0.565756 , 0.434244
1563.06 , 0.569495 , 0.430505
1563.16 , 0.573196 , 0.426804
1563.26 , 0.576862 , 0.423138
1563.36 , 0.580491 , 0.419509
1563.46 , 0.584084 , 0.415916
1563.56 , 0.587641 , 0.412359
1563.66 , 0.591163 , 0.408837
1563.76 , 0.594649 , 0.405351
1563.86 , 0.598101 , 0.401899
1563.96 , 0.601518 , 0.398482
1564.06 , 0.6049 , 0.3951
1564.16 , 0.608248 , 0.391752
1564.26 , 0.611562 , 0.388438
1564.36 , 0.614843 , 0.385157
1564.46 , 0.61809 , 0.38191
1564.56 , 0.621304 , 0.378696
1564.66 , 0.624486 , 0.375514
1564.76 , 0.627634 , 0.372366
1564.86 , 0.630751 , 0.369249
1564.96 , 0.633835 , 0.366165
1565.06 , 0.636888 , 0.363112
1565.16 , 0.63991 , 0.36009
1565.26 , 0.6429 , 0.3571
1565.36 , 0.64586 , 0.35414
1565.46 , 0.648789 , 0.351211
1565.56 , 0.651688 , 0.348312
1565.66 , 0.654557 , 0.345443
1565.76 , 0.657396 , 0.342604
1565.86 , 0.660206 , 0.339794
1565.96 , 0.662987 , 0.337013
1566.06 , 0.665739 , 0.334261
1566.16 , 0.668463 , 0.331537
1566.26 , 0.671158 , 0.328842
1566.36 , 0.673826 , 0.326174
1566.46 , 0.676466 , 0.323534
1566.56 , 0.679078 , 0.320922
1566.66 , 0.681664 , 0.318336
1566.76 , 0.684223 , 0.315777
1566.86 , 0.686755 , 0.313245
1566.96 , 0.689261 , 0.310739
1567.06 , 0.691741 , 0.308259
1567.16 , 0.694196 , 0.305804
1567.26 , 0.696625 , 0.303375
1567.36 , 0.699029 , 0.300971
1567.46 , 0.701408 , 0.298592
1567.56 , 0.703763 , 0.296237
1567.66 , 0.706093 , 0.293907
1567.76 , 0.708399 , 0.291601
1567.86 , 0.710682 , 0.289318
1567.96 , 0.712941 , 0.287059
1568.06 , 0.715176 , 0.284824
1568.16 , 0.717389 , 0.282611
1568.26 , 0.719579 , 0.280421
1568.36 , 0.721747 , 0.278253
1568.46 , 0.723892 , 0.276108
1568.56 , 0.726015 , 0.273985
1568.66 , 0.728117 , 0.271883
1568.76 , 0.730197 , 0.269803
1568.86 , 0.732256 , 0.267744
1568.96 , 0.734294 , 0.265706
1569.06 , 0.736311 , 0.263689
1569.16 , 0.738307 , 0.261693
1569.26 , 0.740283 , 0.259717
1569.36 , 0.74224 , 0.25776
1569.46 , 0.744176 , 0.255824
1569.56 , 0.746093 , 0.253907
1569.66 , 0.74799 , 0.25201
1569.76 , 0.749868 , 0.250132
1569.86 , 0.751727 , 0.248273
1569.96 , 0.753568 , 0.246432
1570.06 , 0.75539 , 0.24461
1570.16 , 0.757193 , 0.242807
1570.26 , 0.758979 , 0.241021
1570.36 , 0.760746 , 0.239254
1570.46 , 0.762496 , 0.237504
1570.56 , 0.764229 , 0.235771
1570.66 , 0.765944 , 0.234056
1570.76 , 0.767642 , 0.232358
1570.86 , 0.769323 , 0.230677
1570.96 , 0.770988 , 0.229012
1571.06 , 0.772636 , 0.227364
1571.16 , 0.774267 , 0.225733
1571.26 , 0.775883 , 0.224117
1571.36 , 0.777483 , 0.222517
1571.46 , 0.779067 , 0.220933
1571.56 , 0.780635 , 0.219365
1571.66 , 0.782188 , 0.217812
1571.76 , 0.783726 , 0.216274
1571.86 , 0.785248 , 0.214752
1571.96 , 0.786756 , 0.213244
1572.06 , 0.788249 , 0.211751
1572.16 , 0.789728 , 0.210272
1572.26 , 0.791192 , 0.208808
1572.36 , 0.792642 , 0.207358
1572.46 , 0.794079 , 0.205921
1572.56 , 0.795501 , 0.204499
1572.66 , 0.796909 , 0.203091
1572.76 , 0.798304 , 0.201696
1572.86 , 0.799686 , 0.200314
1572.96 , 0.801054 , 0.198946
1573.06 , 0.80241 , 0.19759
1573.16 , 0.803752 , 0.196248
1573.26 , 0.805081 , 0.194919
1573.36 , 0.806398 , 0.193602
1573.46 , 0.807703 , 0.192297
1573.56 , 0.808995 , 0.191005
1573.66 , 0.810275 , 0.189725
1573.76 , 0.811542 , 0.188458
1573.86 , 0.812798 , 0.187202
1573.96 , 0.814042 , 0.185958
1574.06 , 0.815275 , 0.184725
1574.16 , 0.816495 , 0.183505
1574.26 , 0.817705 , 0.182295
1574.36 , 0.818903 , 0.181097
1574.46 , 0.82009 , 0.17991
1574.56 , 0.821266 , 0.178734
1574.66 , 0.822431 , 0.177569
1574.76 , 0.823585 , 0.176415
1574.86 , 0.824729 , 0.175271
1574.96 , 0.825862 , 0.174138
1575.06 , 0.826985 , 0.173015
1575.16 , 0.828098 , 0.171902
1575.26 , 0.8292 , 0.1708
1575.36 , 0.830292 , 0.169708
1575.46 , 0.831374 , 0.168626
1575.56 , 0.832447 , 0.167553
1575.66 , 0.833509 , 0.166491
1575.76 , 0.834562 , 0.165438
1575.86 , 0.835606 , 0.164394
1575.96 , 0.83664 , 0.16336
1576.06 , 0.837665 , 0.162335
1576.16 , 0.838681 , 0.161319
1576.26 , 0.839687 , 0.160313
1576.36 , 0.840685 , 0.159315
1576.46 , 0.841673 , 0.158327
1576.56 , 0.842653 , 0.157347
1576.66 , 0.843624 , 0.156376
1576.76 , 0.844587 , 0.155413
1576.86 , 0.845541 , 0.154459
1576.96 , 0.846487 , 0.153513
1577.06 , 0.847424 , 0.152576
1577.16 , 0.848353 , 0.151647
1577.26 , 0.849274 , 0.150726
1577.36 , 0.850187 , 0.149813
1577.46 , 0.851092 , 0.148908
1577.56 , 0.851989 , 0.148011
1577.66 , 0.852878 , 0.147122
1577.76 , 0.853759 , 0.146241
1577.86 , 0.854633 , 0.145367
1577.96 , 0.8555 , 0.1445
1578.06 , 0.856358 , 0.143642
1578.16 , 0.85721 , 0.14279
1578.26 , 0.858054 , 0.141946
1578.36 , 0.858891 , 0.141109
1578.46 , 0.859721 , 0.140279
1578.56 , 0.860543 , 0.139457
1578.66 , 0.861359 , 0.138641
1578.76 , 0.862168 , 0.137832
1578.86 , 0.86297 , 0.13703
1578.96 , 0.863765 , 0.136235
1579.06 , 0.864554 , 0.135446
1579.16 , 0.865335 , 0.134665
1579.26 , 0.866111 , 0.133889
1579.36 , 0.866879 , 0.133121
1579.46 , 0.867642 , 0.132358
1579.56 , 0.868398 , 0.131602
1579.66 , 0.869147 , 0.130853
1579.76 , 0.869891 , 0.130109
1579.86 , 0.870628 , 0.129372
1579.96 , 0.87136 , 0.12864
1580.07 , 0.872085 , 0.127915
1580.17 , 0.872804 , 0.127196
1580.27 , 0.873517 , 0.126483
1580.37 , 0.874225 , 0.125775
1580.47 , 0.874926 , 0.125074
1580.57 , 0.875622 , 0.124378
1580.67 , 0.876313 , 0.123687
1580.77 , 0.876997 , 0.123003
1580.87 , 0.877677 , 0.122323
1580.97 , 0.87835 , 0.12165
1581.07 , 0.879018 , 0.120982
1581.17 , 0.879681 , 0.120319
1581.27 , 0.880339 , 0.119661
1581.37 , 0.880991 , 0.119009
1581.47 , 0.881638 , 0.118362
1581.57 , 0.88228 , 0.11772
1581.67 , 0.882917 , 0.117083
1581.77 , 0.883548 , 0.116452
1581.87 , 0.884175 , 0.115825
1581.97 , 0.884797 , 0.115203
1582.07 , 0.885413 , 0.114587
1582.17 , 0.886025 , 0.113975
1582.27 , 0.886632 , 0.113368
1582.37 , 0.887235 , 0.112765
1582.47 , 0.887832 , 0.112168
1582.57 , 0.888425 , 0.111575
1582.67 , 0.889014 , 0.110986
1582.77 , 0.889598 , 0.110402
1582.87 , 0.890177 , 0.109823
1582.97 , 0.890752 , 0.109248
1583.07 , 0.891322 , 0.108678
1583.17 , 0.891888 , 0.108112
1583.27 , 0.892449 , 0.107551
1583.37 , 0.893007 , 0.106993
1583.47 , 0.89356 , 0.10644
1583.57 , 0.894109 , 0.105891
1583.67 , 0.894653 , 0.105347
1583.77 , 0.895194 , 0.104806
1583.87 , 0.89573 , 0.10427
1583.97 , 0.896262 , 0.103738
1584.07 , 0.89679 , 0.10321
1584.17 , 0.897315 , 0.102685
1584.27 , 0.897835 , 0.102165
1584.37 , 0.898351 , 0.101649
1584.47 , 0.898864 , 0.101136
1584.57 , 0.899373 , 0.100627
1584.67 , 0.899877 , 0.100123
1584.77 , 0.900379 , 0.0996214
1584.87 , 0.900876 , 0.099124
1584.97 , 0.90137 , 0.0986302
1585.07 , 0.90186 , 0.0981402
1585.17 , 0.902346 , 0.0976537
1585.27 , 0.902829 , 0.0971709
1585.37 , 0.903308 , 0.0966916
1585.47 , 0.903784 , 0.0962158
1585.57 , 0.904257 , 0.0957435
1585.67 , 0.904725 , 0.0952746
1585.77 , 0.905191 , 0.0948092
1585.87 , 0.905653 , 0.0943471
1585.97 , 0.906112 , 0.0938885
1586.07 , 0.906567 , 0.0934331
1586.17 , 0.907019 , 0.092981
1586.27 , 0.907468 , 0.0925322
1586.37 , 0.907913 , 0.0920866
1586.47 , 0.908356 , 0.0916443
1586.57 , 0.908795 , 0.0912051
1586.67 , 0.909231 , 0.090769
1586.77 , 0.909664 , 0.0903361
1586.87 , 0.910094 , 0.0899062
1586.97 , 0.910521 , 0.0894794
1587.07 , 0.910944 , 0.0890556
1587.17 , 0.911365 , 0.0886349
1587.27 , 0.911783 , 0.0882171
1587.37 , 0.912198 , 0.0878022
1587.47 , 0.91261 , 0.0873903
1587.57 , 0.913019 , 0.0869813
1587.67 , 0.913425 , 0.0865751
1587.77 , 0.913828 , 0.0861718
1587.87 , 0.914229 , 0.0857713
1587.97 , 0.914626 , 0.0853736
1588.07 , 0.915021 , 0.0849786
1588.17 , 0.915414 , 0.0845864
1588.27 , 0.915803 , 0.0841969
1588.37 , 0.91619 , 0.0838101
1588.47 , 0.916574 , 0.083426
1588.57 , 0.916956 , 0.0830445
1588.67 , 0.917334 , 0.0826656
1588.77 , 0.917711 , 0.0822893
1588.87 , 0.918084 , 0.0819156
1588.97 , 0.918456 , 0.0815444
1589.07 , 0.918824 , 0.0811758
1589.17 , 0.91919 , 0.0808097
1589.27 , 0.919554 , 0.0804461
1589.37 , 0.919915 , 0.0800849
1589.47 , 0.920274 , 0.0797262
1589.57 , 0.92063 , 0.0793698
1589.67 , 0.920984 , 0.0790159
1589.77 , 0.921336 , 0.0786644
1589.87 , 0.921685 , 0.0783152
1589.97 , 0.922032 , 0.0779684
1590.07 , 0.922376 , 0.0776238
1590.17 , 0.922718 , 0.0772816
1590.27 , 0.923058 , 0.0769416
1590.37 , 0.923396 , 0.0766039
1590.47 , 0.923732 , 0.0762685
1590.57 , 0.924065 , 0.0759352
1590.67 , 0.924396 , 0.0756042
1590.77 , 0.924725 , 0.0752753
1590.87 , 0.925051 , 0.0749486
1590.97 , 0.925376 , 0.074624
1591.07 , 0.925698 , 0.0743015
1591.17 , 0.926019 , 0.0739812
1591.27 , 0.926337 , 0.073663
1591.37 , 0.926653 , 0.0733468
1591.47 , 0.926967 , 0.0730326
1591.57 , 0.927279 , 0.0727206
1591.67 , 0.92759 , 0.0724105
1591.77 , 0.927898 , 0.0721024
1591.87 , 0.928204 , 0.0717963
1591.97 , 0.928508 , 0.0714922
1592.07 , 0.92881 , 0.07119
1592.17 , 0.92911 , 0.0708898
1592.27 , 0.929409 , 0.0705915
1592.37 , 0.929705 , 0.0702951
1592.47 , 0.929999 , 0.0700005
1592.57 , 0.930292 , 0.0697079
1592.67 , 0.930583 , 0.0694171
1592.77 , 0.930872 , 0.0691281
1592.87 , 0.931159 , 0.068841
1592.97 , 0.931444 , 0.0685557
1593.07 , 0.931728 , 0.0682721
1593.17 , 0.93201 , 0.0679904
1593.27 , 0.93229 , 0.0677104
1593.37 , 0.932568 , 0.0674322
1593.47 , 0.932844 , 0.0671557
1593.57 , 0.933119 , 0.0668809
1593.67 , 0.933392 , 0.0666079
1593.77 , 0.933663 , 0.0663365
1593.87 , 0.933933 , 0.0660668
1593.97 , 0.934201 , 0.0657988
1594.07 , 0.934468 , 0.0655325
1594.17 , 0.934732 , 0.0652678
1594.27 , 0.934995 , 0.0650047
1594.37 , 0.935257 , 0.0647432
1594.47 , 0.935517 , 0.0644833
1594.57 , 0.935775 , 0.0642251
1594.67 , 0.936032 , 0.0639684
1594.77 , 0.936287 , 0.0637132
1594.87 , 0.93654 , 0.0634596
1594.97 , 0.936792 , 0.0632076
1595.07 , 0.937043 , 0.0629571
1595.17 , 0.937292 , 0.0627081
1595.27 , 0.937539 , 0.0624606
1595.37 , 0.937785 , 0.0622145
1595.47 , 0.93803 , 0.06197
1595.57 , 0.938273 , 0.0617269
1595.67 , 0.938515 , 0.0614853
1595.77 , 0.938755 , 0.0612452
1595.87 , 0.938994 , 0.0610064
1595.97 , 0.939231 , 0.0607691
1596.07 , 0.939467 , 0.0605332
1596.17 , 0.939701 , 0.0602987
1596.27 , 0.939934 , 0.0600656
1596.37 , 0.940166 , 0.0598339
1596.47 , 0.940396 , 0.0596035
1596.57 , 0.940625 , 0.0593745
1596.67 , 0.940853 , 0.0591469
1596.77 , 0.941079 , 0.0589206
1596.87 , 0.941304 , 0.0586956
1596.97 , 0.941528 , 0.0584719
1597.07 , 0.94175 , 0.0582495
1597.17 , 0.941972 , 0.0580285
1597.27 , 0.942191 , 0.0578087
1597.37 , 0.94241 , 0.0575902
1597.47 , 0.942627 , 0.0573729
1597.57 , 0.942843 , 0.0571569
1597.67 , 0.943058 , 0.0569422
1597.77 , 0.943271 , 0.0567287
1597.87 , 0.943484 , 0.0565164
1597.97 , 0.943695 , 0.0563053
1598.07 , 0.943905 , 0.0560955
1598.17 , 0.944113 , 0.0558869
1598.27 , 0.944321 , 0.0556794
1598.37 , 0.944527 , 0.0554731
1598.47 , 0.944732 , 0.055268
1598.57 , 0.944936 , 0.0550641
1598.67 , 0.945139 , 0.0548613
1598.77 , 0.94534 , 0.0546597
1598.87 , 0.945541 , 0.0544592
1598.97 , 0.94574 , 0.0542599
1599.07 , 0.945938 , 0.0540616
1599.17 , 0.946135 , 0.0538645
1599.27 , 0.946331 , 0.0536685
1599.37 , 0.946526 , 0.0534736
1599.47 , 0.94672 , 0.0532798
1599.57 , 0.946913 , 0.0530871
1599.67 , 0.947105 , 0.0528954
1599.77 , 0.947295 , 0.0527048
1599.87 , 0.947485 , 0.0525153
1599.97 , 0.947673 , 0.0523268
1600.08 , 0.947861 , 0.0521393
1600.18 , 0.948047 , 0.0519529
1600.28 , 0.948232 , 0.0517675
1600.38 , 0.948417 , 0.0515832
1600.48 , 0.9486 , 0.0513998
1600.58 , 0.948783 , 0.0512175
1600.68 , 0.948964 , 0.0510361
1600.78 , 0.949144 , 0.0508558
1600.88 , 0.949324 , 0.0506764
1600.98 , 0.949502 , 0.050498
1601.08 , 0.949679 , 0.0503206
1601.18 , 0.949856 , 0.0501441
1601.28 , 0.950031 , 0.0499686
1601.38 , 0.950206 , 0.0497941
1601.48 , 0.95038 , 0.0496205
1601.58 , 0.950552 , 0.0494478
1601.68 , 0.950724 , 0.0492761
1601.78 , 0.950895 , 0.0491053
1601.88 , 0.951065 , 0.0489354
1601.98 , 0.951234 , 0.0487664
1602.08 , 0.951402 , 0.0485983
1602.18 , 0.951569 , 0.0484311
1602.28 , 0.951735 , 0.0482648
1602.38 , 0.951901 , 0.0480994
1602.48 , 0.952065 , 0.0479348
1602.58 , 0.952229 , 0.0477712
1602.68 , 0.952392 , 0.0476084
1602.78 , 0.952554 , 0.0474464
1602.88 , 0.952715 , 0.0472853
1602.98 , 0.952875 , 0.0471251
1603.08 , 0.953034 , 0.0469657
1603.18 , 0.953193 , 0.0468072
1603.28 , 0.953351 , 0.0466494
1603.38 , 0.953507 , 0.0464925
1603.48 , 0.953664 , 0.0463365
1603.58 , 0.953819 , 0.0461812
1603.68 , 0.953973 , 0.0460267
1603.78 , 0.954127 , 0.0458731
1603.88 , 0.95428 , 0.0457202
1603.98 , 0.954432 , 0.0455681
1604.08 , 0.954583 , 0.0454169
1604.18 , 0.954734 , 0.0452664
1604.28 , 0.954883 , 0.0451166
1604.38 , 0.955032 , 0.0449677
1604.48 , 0.955181 , 0.0448195
1604.58 , 0.955328 , 0.0446721
1604.68 , 0.955475 , 0.0445254
1604.78 , 0.955621 , 0.0443795
1604.88 , 0.955766 , 0.0442343
1604.98 , 0.95591 , 0.0440898
1605.08 , 0.956054 , 0.0439461
1605.18 , 0.956197 , 0.0438032
1605.28 , 0.956339 , 0.0436609
1605.38 , 0.956481 , 0.0435194
1605.48 , 0.956621 , 0.0433786
1605.58 , 0.956762 , 0.0432385
1605.68 , 0.956901 , 0.0430991
1605.78 , 0.95704 , 0.0429604
1605.88 , 0.957178 , 0.0428224
1605.98 , 0.957315 , 0.0426851
1606.08 , 0.957452 , 0.0425484
1606.18 , 0.957588 , 0.0424125
1606.28 , 0.957723 , 0.0422772
1606.38 , 0.957857 , 0.0421426
1606.48 , 0.957991 , 0.0420087
1606.58 , 0.958125 , 0.0418755
1606.68 , 0.958257 , 0.0417429
1606.78 , 0.958389 , 0.0416109
1606.88 , 0.95852 , 0.0414797
1606.98 , 0.958651 , 0.041349
1607.08 , 0.958781 , 0.041219
1607.18 , 0.95891 , 0.0410897
1607.28 , 0.959039 , 0.040961
1607.38 , 0.959167 , 0.0408329
1607.48 , 0.959295 , 0.0407054
1607.58 , 0.959421 , 0.0405786
1607.68 , 0.959548 , 0.0404523
1607.78 , 0.959673 , 0.0403267
1607.88 , 0.959798 , 0.0402018
1607.98 , 0.959923 , 0.0400774
1608.08 , 0.960046 , 0.0399536
1608.18 , 0.96017 , 0.0398304
1608.28 , 0.960292 , 0.0397078
1608.38 , 0.960414 , 0.0395858
1608.48 , 0.960536 , 0.0394644
1608.58 , 0.960656 , 0.0393436
1608.68 , 0.960777 , 0.0392233
1608.78 , 0.960896 , 0.0391037
1608.88 , 0.961015 , 0.0389846
1608.98 , 0.961134 , 0.038866
1609.08 , 0.961252 , 0.0387481
1609.18 , 0.961369 , 0.0386307
1609.28 , 0.961486 , 0.0385139
1609.38 , 0.961602 , 0.0383976
1609.48 , 0.961718 , 0.0382818
1609.58 , 0.961833 , 0.0381667
1609.68 , 0.961948 , 0.038052
1609.78 , 0.962062 , 0.0379379
1609.88 , 0.962176 , 0.0378244
1609.98 , 0.962289 , 0.0377113
1610.08 , 0.962401 , 0.0375988
1610.18 , 0.962513 , 0.0374869
1610.28 , 0.962625 , 0.0373754
1610.38 , 0.962735 , 0.0372645
1610.48 , 0.962846 , 0.0371541
1610.58 , 0.962956 , 0.0370442
1610.68 , 0.963065 , 0.0369349
1610.78 , 0.963174 , 0.036826
1610.88 , 0.963282 , 0.0367177
1610.98 , 0.96339 , 0.0366098
1611.08 , 0.963498 , 0.0365024
1611.18 , 0.963604 , 0.0363956
1611.28 , 0.963711 , 0.0362892
1611.38 , 0.963817 , 0.0361833
1611.48 , 0.963922 , 0.036078
1611.58 , 0.964027 , 0.035973
1611.68 , 0.964131 , 0.0358686
1611.78 , 0.964235 , 0.0357647
1611.88 , 0.964339 , 0.0356612
1611.98 , 0.964442 , 0.0355582
1612.08 , 0.964544 , 0.0354557
1612.18 , 0.964646 , 0.0353536
1612.28 , 0.964748 , 0.035252
1612.38 , 0.964849 , 0.0351509
1612.48 , 0.96495 , 0.0350502
1612.58 , 0.96505 , 0.03495
1612.68 , 0.96515 , 0.0348503
1612.78 , 0.965249 , 0.0347509
1612.88 , 0.965348 , 0.0346521
1612.98 , 0.965446 , 0.0345537
1613.08 , 0.965544 , 0.0344557
1613.18 , 0.965642 , 0.0343581
1613.28 , 0.965739 , 0.034261
1613.38 , 0.965836 , 0.0341644
1613.48 , 0.965932 , 0.0340681
1613.58 , 0.966028 , 0.0339723
1613.68 , 0.966123 , 0.033877
1613.78 , 0.966218 , 0.033782
1613.88 , 0.966313 , 0.0336875
1613.98 , 0.966407 , 0.0335934
1614.08 , 0.9665 , 0.0334997
1614.18 , 0.966594 , 0.0334064
1614.28 , 0.966686 , 0.0333135
1614.38 , 0.966779 , 0.0332211
1614.48 , 0.966871 , 0.033129
1614.58 , 0.966963 , 0.0330374
1614.68 , 0.967054 , 0.0329461
1614.78 , 0.967145 , 0.0328553
1614.88 , 0.967235 , 0.0327648
1614.98 , 0.967325 , 0.0326748
1615.08 , 0.967415 , 0.0325851
1615.18 , 0.967504 , 0.0324958
1615.28 , 0.967593 , 0.032407
1615.38 , 0.967682 , 0.0323185
1615.48 , 0.96777 , 0.0322304
1615.58 , 0.967857 , 0.0321427
1615.68 , 0.967945 , 0.0320553
1615.78 , 0.968032 , 0.0319683
1615.88 , 0.968118 , 0.0318818
1615.98 , 0.968204 , 0.0317955
1616.08 , 0.96829 , 0.0317097
1616.18 , 0.968376 , 0.0316242
1616.28 , 0.968461 , 0.0315391
1616.38 , 0.968546 , 0.0314544
1616.48 , 0.96863 , 0.03137
1616.58 , 0.968714 , 0.031286
1616.68 , 0.968798 , 0.0312023
1616.78 , 0.968881 , 0.031119
1616.88 , 0.968964 , 0.031036
1616.98 , 0.969047 , 0.0309534
1617.08 , 0.969129 , 0.0308712
1617.18 , 0.969211 , 0.0307893
1617.28 , 0.969292 , 0.0307078
1617.38 , 0.969373 , 0.0306265
1617.48 , 0.969454 , 0.0305457
1617.58 , 0.969535 , 0.0304652
1617.68 , 0.969615 , 0.030385
1617.78 , 0.969695 , 0.0303051
1617.88 , 0.969774 , 0.0302256
1617.98 , 0.969854 , 0.0301464
1618.08 , 0.969932 , 0.0300676
1618.18 , 0.970011 , 0.0299891
1618.28 , 0.970089 , 0.0299109
1618.38 , 0.970167 , 0.029833
1618.48 , 0.970244 , 0.0297555
1618.58 , 0.970322 , 0.0296783
1618.68 , 0.970399 , 0.0296014
1618.78 , 0.970475 , 0.0295248
1618.88 , 0.970551 , 0.0294486
1618.98 , 0.970627 , 0.0293726
1619.08 , 0.970703 , 0.029297
1619.18 , 0.970778 , 0.0292217
1619.28 , 0.970853 , 0.0291467
1619.38 , 0.970928 , 0.029072
1619.48 , 0.971002 , 0.0289976
1619.58 , 0.971076 , 0.0289235
1619.68 , 0.97115 , 0.0288497
1619.78 , 0.971224 , 0.0287762
1619.88 , 0.971297 , 0.0287031
1619.98 , 0.97137 , 0.0286302
1620.09 , 0.971442 , 0.0285576
1620.19 , 0.971515 , 0.0284853
1620.29 , 0.971587 , 0.0284133
1620.39 , 0.971658 , 0.0283416
1620.49 , 0.97173 , 0.0282702
1620.59 , 0.971801 , 0.0281991
1620.69 , 0.971872 , 0.0281283
1620.79 , 0.971942 , 0.0280577
1620.89 , 0.972013 , 0.0279875
1620.99 , 0.972083 , 0.0279175
1621.09 , 0.972152 , 0.0278478
1621.19 , 0.972222 , 0.0277784
1621.29 , 0.972291 , 0.0277092
1621.39 , 0.97236 , 0.0276404
1621.49 , 0.972428 , 0.0275718
1621.59 , 0.972497 , 0.0275035
1621.69 , 0.972565 , 0.0274354
1621.79 , 0.972632 , 0.0273677
1621.89 , 0.9727 , 0.0273002
1621.99 , 0.972767 , 0.0272329
1622.09 , 0.972834 , 0.027166
1622.19 , 0.972901 , 0.0270993
1622.29 , 0.972967 , 0.0270328
1622.39 , 0.973033 , 0.0269667
1622.49 , 0.973099 , 0.0269008
1622.59 , 0.973165 , 0.0268351
1622.69 , 0.97323 , 0.0267697
1622.79 , 0.973295 , 0.0267046
1622.89 , 0.97336 , 0.0266397
1622.99 , 0.973425 , 0.0265751
1623.09 , 0.973489 , 0.0265107
1623.19 , 0.973553 , 0.0264466
1623.29 , 0.973617 , 0.0263827
1623.39 , 0.973681 , 0.0263191
1623.49 , 0.973744 , 0.0262557
1623.59 , 0.973807 , 0.0261926
1623.69 , 0.97387 , 0.0261297
1623.79 , 0.973933 , 0.0260671
1623.89 , 0.973995 , 0.0260047
1623.99 , 0.974057 , 0.0259426
1624.09 , 0.974119 , 0.0258807
1624.19 , 0.974181 , 0.025819
1624.29 , 0.974242 , 0.0257576
1624.39 , 0.974304 , 0.0256964
1624.49 , 0.974365 , 0.0256354
1624.59 , 0.974425 , 0.0255747
1624.69 , 0.974486 , 0.0255142
1624.79 , 0.974546 , 0.0254539
1624.89 , 0.974606 , 0.0253939
1624.99 , 0.974666 , 0.0253341
1625.09 , 0.974725 , 0.0252745
1625.19 , 0.974785 , 0.0252152
1625.29 , 0.974844 , 0.0251561
1625.39 , 0.974903 , 0.0250972
1625.49 , 0.974961 , 0.0250385
1625.59 , 0.97502 , 0.0249801
1625.69 , 0.975078 , 0.0249219
1625.79 , 0.975136 , 0.0248639
1625.89 , 0.975194 , 0.0248061
1625.99 , 0.975251 , 0.0247485
1626.09 , 0.975309 , 0.0246912
1626.19 , 0.975366 , 0.024634
1626.29 , 0.975423 , 0.0245771
1626.39 , 0.97548 , 0.0245204
1626.49 , 0.975536 , 0.0244639
1626.59 , 0.975592 , 0.0244077
1626.69 , 0.975648 , 0.0243516
1626.79 , 0.975704 , 0.0242957
1626.89 , 0.97576 , 0.0242401
1626.99 , 0.975815 , 0.0241846
1627.09 , 0.975871 , 0.0241294
1627.19 , 0.975926 , 0.0240744
1627.29 , 0.97598 , 0.0240196
1627.39 , 0.976035 , 0.0239649
1627.49 , 0.976089 , 0.0239105
1627.59 , 0.976144 , 0.0238563
1627.69 , 0.976198 , 0.0238023
1627.79 , 0.976252 , 0.0237485
1627.89 , 0.976305 , 0.0236949
1627.99 , 0.976359 , 0.0236414
1628.09 , 0.976412 , 0.0235882
1628.19 , 0.976465 , 0.0235352
1628.29 , 0.976518 , 0.0234824
1628.39 , 0.97657 , 0.0234297
1628.49 , 0.976623 , 0.0233773
1628.59 , 0.976675 , 0.023325
1628.69 , 0.976727 , 0.023273
1628.79 , 0.976779 , 0.0232211
1628.89 , 0.976831 , 0.0231694
1628.99 , 0.976882 , 0.0231179
1629.09 , 0.976933 , 0.0230666
1629.19 , 0.976985 , 0.0230155
1629.29 , 0.977035 , 0.0229646
1629.39 , 0.977086 , 0.0229138
1629.49 , 0.977137 , 0.0228632
1629.59 , 0.977187 , 0.0228129
1629.69 , 0.977237 , 0.0227627
1629.79 , 0.977287 , 0.0227126
1629.89 , 0.977337 , 0.0226628
1629.99 , 0.977387 , 0.0226131
1630.09 , 0.977436 , 0.0225636
1630.19 , 0.977486 , 0.0225143
1630.29 , 0.977535 , 0.0224652
1630.39 , 0.977584 , 0.0224163
1630.49 , 0.977633 , 0.0223675
1630.59 , 0.977681 , 0.0223189
1630.69 , 0.97773 , 0.0222705
1630.79 , 0.977778 , 0.0222222
1630.89 , 0.977826 , 0.0221741
1630.99 , 0.977874 , 0.0221262
1631.09 , 0.977922 , 0.0220785
1631.19 , 0.977969 , 0.0220309
1631.29 , 0.978017 , 0.0219835
1631.39 , 0.978064 , 0.0219362
1631.49 , 0.978111 , 0.0218892
1631.59 , 0.978158 , 0.0218423
1631.69 , 0.978204 , 0.0217955
1631.79 , 0.978251 , 0.021749
1631.89 , 0.978297 , 0.0217025
1631.99 , 0.978344 , 0.0216563
1632.09 , 0.97839 , 0.0216102
1632.19 , 0.978436 , 0.0215643
1632.29 , 0.978481 , 0.0215185
1632.39 , 0.978527 , 0.0214729
1632.49 , 0.978573 , 0.0214275
1632.59 , 0.978618 , 0.0213822
1632.69 , 0.978663 , 0.0213371
1632.79 , 0.978708 , 0.0212921
1632.89 , 0.978753 , 0.0212473
1632.99 , 0.978797 , 0.0212026
1633.09 , 0.978842 , 0.0211581
1633.19 , 0.978886 , 0.0211138
1633.29 , 0.97893 , 0.0210696
1633.39 , 0.978974 , 0.0210256
1633.49 , 0.979018 , 0.0209817
1633.59 , 0.979062 , 0.0209379
1633.69 , 0.979106 , 0.0208943
1633.79 , 0.979149 , 0.0208509
1633.89 , 0.979192 , 0.0208076
1633.99 , 0.979236 , 0.0207645
1634.09 , 0.979279 , 0.0207215
1634.19 , 0.979321 , 0.0206786
1634.29 , 0.979364 , 0.020636
1634.39 , 0.979407 , 0.0205934
1634.49 , 0.979449 , 0.020551
1634.59 , 0.979491 , 0.0205087
1634.69 , 0.979533 , 0.0204666
1634.79 , 0.979575 , 0.0204247
1634.89 , 0.979617 , 0.0203828
1634.99 , 0.979659 , 0.0203411
1635.09 , 0.9797 , 0.0202996
1635.19 , 0.979742 , 0.0202582
1635.29 , 0.979783 , 0.0202169
1635.39 , 0.979824 , 0.0201758
1635.49 , 0.979865 , 0.0201348
1635.59 , 0.979906 , 0.020094
1635.69 , 0.979947 , 0.0200533
1635.79 , 0.979987 , 0.0200127
1635.89 , 0.980028 , 0.0199722
1635.99 , 0.980068 , 0.0199319
1636.09 , 0.980108 , 0.0198918
1636.19 , 0.980148 , 0.0198517
1636.29 , 0.980188 , 0.0198118
1636.39 , 0.980228 , 0.0197721
1636.49 , 0.980268 , 0.0197325
1636.59 , 0.980307 , 0.019693
1636.69 , 0.980346 , 0.0196536
1636.79 , 0.980386 , 0.0196144
1636.89 , 0.980425 , 0.0195752
1636.99 , 0.980464 , 0.0195363
1637.09 , 0.980503 , 0.0194974
1637.19 , 0.980541 , 0.0194587
1637.29 , 0.98058 , 0.0194201
1637.39 , 0.980618 , 0.0193817
1637.49 , 0.980657 , 0.0193433
1637.59 , 0.980695 , 0.0193051
1637.69 , 0.980733 , 0.019267
1637.79 , 0.980771 , 0.0192291
1637.89 , 0.980809 , 0.0191913
1637.99 , 0.980846 , 0.0191535
1638.09 , 0.980884 , 0.019116
1638.19 , 0.980921 , 0.0190785
1638.29 , 0.980959 , 0.0190412
1638.39 , 0.980996 , 0.019004
1638.49 , 0.981033 , 0.0189669
1638.59 , 0.98107 , 0.0189299
1638.69 , 0.981107 , 0.018893
1638.79 , 0.981144 , 0.0188563
1638.89 , 0.98118 , 0.0188197
1638.99 , 0.981217 , 0.0187832
1639.09 , 0.981253 , 0.0187468
1639.19 , 0.981289 , 0.0187106
1639.29 , 0.981326 , 0.0186744
1639.39 , 0.981362 , 0.0186384
1639.49 , 0.981397 , 0.0186025
1639.59 , 0.981433 , 0.0185667
1639.69 , 0.981469 , 0.018531
1639.79 , 0.981505 , 0.0184955
1639.89 , 0.98154 , 0.01846
1639.99 , 0.981575 , 0.0184247
1640.1 , 0.981611 , 0.0183895
1640.2 , 0.981646 , 0.0183544
1640.3 , 0.981681 , 0.0183194
1640.4 , 0.981715 , 0.0182845
1640.5 , 0.98175 , 0.0182498
1640.6 , 0.981785 , 0.0182151
1640.7 , 0.981819 , 0.0181806
1640.8 , 0.981854 , 0.0181461
1640.9 , 0.981888 , 0.0181118
1641 , 0.981922 , 0.0180776
1641.1 , 0.981957 , 0.0180435
1641.2 , 0.981991 , 0.0180095
1641.3 , 0.982024 , 0.0179756
1641.4 , 0.982058 , 0.0179418
1641.5 , 0.982092 , 0.0179081
1641.6 , 0.982125 , 0.0178746
1641.7 , 0.982159 , 0.0178411
1641.8 , 0.982192 , 0.0178077
1641.9 , 0.982226 , 0.0177745
1642 , 0.982259 , 0.0177413
1642.1 , 0.982292 , 0.0177083
1642.2 , 0.982325 , 0.0176754
1642.3 , 0.982357 , 0.0176425
1642.4 , 0.98239 , 0.0176098
1642.5 , 0.982423 , 0.0175772
1642.6 , 0.982455 , 0.0175446
1642.7 , 0.982488 , 0.0175122
1642.8 , 0.98252 , 0.0174799
1642.9 , 0.982552 , 0.0174476
1643 , 0.982584 , 0.0174155
1643.1 , 0.982617 , 0.0173835
1643.2 , 0.982648 , 0.0173516
1643.3 , 0.98268 , 0.0173198
1643.4 , 0.982712 , 0.017288
1643.5 , 0.982744 , 0.0172564
1643.6 , 0.982775 , 0.0172249
1643.7 , 0.982807 , 0.0171934
1643.8 , 0.982838 , 0.0171621
1643.9 , 0.982869 , 0.0171309
1644 , 0.9829 , 0.0170997
1644.1 , 0.982931 , 0.0170687
1644.2 , 0.982962 , 0.0170377
1644.3 , 0.982993 , 0.0170069
1644.4 , 0.983024 , 0.0169761
1644.5 , 0.983055 , 0.0169454
1644.6 , 0.983085 , 0.0169149
1644.7 , 0.983116 , 0.0168844
1644.8 , 0.983146 , 0.016854
1644.9 , 0.983176 , 0.0168237
1645 , 0.983206 , 0.0167935
1645.1 , 0.983237 , 0.0167634
1645.2 , 0.983267 , 0.0167334
1645.3 , 0.983297 , 0.0167035
1645.4 , 0.983326 , 0.0166736
1645.5 , 0.983356 , 0.0166439
1645.6 , 0.983386 , 0.0166142
1645.7 , 0.983415 , 0.0165847
1645.8 , 0.983445 , 0.0165552
1645.9 , 0.983474 , 0.0165258
1646 , 0.983503 , 0.0164965
1646.1 , 0.983533 , 0.0164673
1646.2 , 0.983562 , 0.0164382
1646.3 , 0.983591 , 0.0164092
1646.4 , 0.98362 , 0.0163802
1646.5 , 0.983649 , 0.0163514
1646.6 , 0.983677 , 0.0163226
1646.7 , 0.983706 , 0.0162939
1646.8 , 0.983735 , 0.0162653
1646.9 , 0.983763 , 0.0162368
1647 , 0.983792 , 0.0162084
1647.1 , 0.98382 , 0.0161801
1647.2 , 0.983848 , 0.0161518
1647.3 , 0.983876 , 0.0161236
1647.4 , 0.983904 , 0.0160956
1647.5 , 0.983932 , 0.0160676
1647.6 , 0.98396 , 0.0160396
1647.7 , 0.983988 , 0.0160118
1647.8 , 0.984016 , 0.0159841
1647.9 , 0.984044 , 0.0159564
1648 , 0.984071 , 0.0159288
1648.1 , 0.984099 , 0.0159013
1648.2 , 0.984126 , 0.0158739
1648.3 , 0.984153 , 0.0158465
1648.4 , 0.984181 , 0.0158193
1648.5 , 0.984208 , 0.0157921
1648.6 , 0.984235 , 0.015765
1648.7 , 0.984262 , 0.0157379
1648.8 , 0.984289 , 0.015711
1648.9 , 0.984316 , 0.0156841
1649 , 0.984343 , 0.0156573
1649.1 , 0.984369 , 0.0156306
1649.2 , 0.984396 , 0.015604
1649.3 , 0.984423 , 0.0155775
1649.4 , 0.984449 , 0.015551
1649.5 , 0.984475 , 0.0155246
1649.6 , 0.984502 , 0.0154983
1649.7 , 0.984528 , 0.015472
1649.8 , 0.984554 , 0.0154459
1649.9 , 0.98458 , 0.0154198
1650 , 0.984606 , 0.0153938
