1000 , 0.00934993 , 0.99065
1000.5 , 0.0144164 , 0.985584
1001 , 0.0205944 , 0.979406
1001.5 , 0.0278756 , 0.972124
1002 , 0.0362412 , 0.963759
1002.5 , 0.0456627 , 0.954337
1003 , 0.0561023 , 0.943898
1003.5 , 0.0675131 , 0.932487
1004 , 0.0798406 , 0.920159
1004.5 , 0.0930228 , 0.906977
1005 , 0.106992 , 0.893008
1005.5 , 0.121676 , 0.878324
1006 , 0.136999 , 0.863001
1006.5 , 0.152882 , 0.847118
1007 , 0.169246 , 0.830754
1007.5 , 0.186012 , 0.813988
1008 , 0.2031 , 0.7969
1008.5 , 0.220434 , 0.779566
1009 , 0.237941 , 0.762059
1009.5 , 0.25555 , 0.74445
1010.01 , 0.273195 , 0.726805
1010.51 , 0.290814 , 0.709186
1011.01 , 0.30835 , 0.69165
1011.51 , 0.325751 , 0.674249
1012.01 , 0.342969 , 0.657031
1012.51 , 0.359964 , 0.640036
1013.01 , 0.376697 , 0.623303
1013.51 , 0.393137 , 0.606863
1014.01 , 0.409255 , 0.590745
1014.51 , 0.425029 , 0.574971
1015.01 , 0.440439 , 0.559561
1015.51 , 0.455469 , 0.544531
1016.01 , 0.470108 , 0.529892
1016.51 , 0.484346 , 0.515654
1017.01 , 0.498178 , 0.501822
1017.51 , 0.5116 , 0.4884
1018.01 , 0.52461 , 0.47539
1018.51 , 0.537211 , 0.462789
1019.01 , 0.549403 , 0.450597
1019.51 , 0.561191 , 0.438809
1020.01 , 0.57258 , 0.42742
1020.51 , 0.583577 , 0.416423
1021.01 , 0.594189 , 0.405811
1021.51 , 0.604424 , 0.395576
1022.01 , 0.614291 , 0.385709
1022.51 , 0.623798 , 0.376202
1023.01 , 0.632956 , 0.367044
1023.51 , 0.641774 , 0.358226
1024.01 , 0.650261 , 0.349739
1024.51 , 0.658428 , 0.341572
1025.01 , 0.666285 , 0.333715
1025.51 , 0.673841 , 0.326159
1026.01 , 0.681106 , 0.318894
1026.51 , 0.688091 , 0.311909
1027.01 , 0.694804 , 0.305196
1027.51 , 0.701255 , 0.298745
1028.01 , 0.707454 , 0.292546
1028.51 , 0.713407 , 0.286593
1029.01 , 0.719126 , 0.280874
1029.51 , 0.724617 , 0.275383
1030.02 , 0.729889 , 0.270111
1030.52 , 0.73495 , 0.26505
1031.02 , 0.739807 , 0.260193
1031.52 , 0.744468 , 0.255532
1032.02 , 0.748939 , 0.251061
1032.52 , 0.753228 , 0.246772
1033.02 , 0.75734 , 0.24266
1033.52 , 0.761282 , 0.238718
1034.02 , 0.76506 , 0.23494
1034.52 , 0.768679 , 0.231321
1035.02 , 0.772146 , 0.227854
1035.52 , 0.775464 , 0.224536
1036.02 , 0.77864 , 0.22136
1036.52 , 0.781677 , 0.218323
1037.02 , 0.784581 , 0.215419
1037.52 , 0.787355 , 0.212645
1038.02 , 0.790004 , 0.209996
1038.52 , 0.792531 , 0.207469
1039.02 , 0.794941 , 0.205059
1039.52 , 0.797236 , 0.202764
1040.02 , 0.799421 , 0.200579
1040.52 , 0.801498 , 0.198502
1041.02 , 0.80347 , 0.19653
1041.52 , 0.80534 , 0.19466
1042.02 , 0.807111 , 0.192889
1042.52 , 0.808785 , 0.191215
1043.02 , 0.810364 , 0.189636
1043.52 , 0.811852 , 0.188148
1044.02 , 0.813249 , 0.186751
1044.52 , 0.814558 , 0.185442
1045.02 , 0.81578 , 0.18422
1045.52 , 0.816918 , 0.183082
1046.02 , 0.817973 , 0.182027
1046.52 , 0.818946 , 0.181054
1047.02 , 0.819839 , 0.180161
1047.52 , 0.820652 , 0.179348
1048.02 , 0.821388 , 0.178612
1048.52 , 0.822046 , 0.177954
1049.02 , 0.822628 , 0.177372
1049.52 , 0.823135 , 0.176865
1050.03 , 0.823567 , 0.176433
1050.53 , 0.823925 , 0.176075
1051.03 , 0.824209 , 0.175791
1051.53 , 0.82442 , 0.17558
1052.03 , 0.824558 , 0.175442
1052.53 , 0.824623 , 0.175377
1053.03 , 0.824615 , 0.175385
1053.53 , 0.824535 , 0.175465
1054.03 , 0.824381 , 0.175619
1054.53 , 0.824154 , 0.175846
1055.03 , 0.823854 , 0.176146
1055.53 , 0.823479 , 0.176521
1056.03 , 0.823031 , 0.176969
1056.53 , 0.822507 , 0.177493
1057.03 , 0.821907 , 0.178093
1057.53 , 0.821231 , 0.178769
1058.03 , 0.820477 , 0.179523
1058.53 , 0.819644 , 0.180356
1059.03 , 0.818732 , 0.181268
1059.53 , 0.817738 , 0.182262
1060.03 , 0.816662 , 0.183338
1060.53 , 0.815502 , 0.184498
1061.03 , 0.814256 , 0.185744
1061.53 , 0.812923 , 0.187077
1062.03 , 0.8115 , 0.1885
1062.53 , 0.809986 , 0.190014
1063.03 , 0.808379 , 0.191621
1063.53 , 0.806675 , 0.193325
1064.03 , 0.804874 , 0.195126
1064.53 , 0.802971 , 0.197029
1065.03 , 0.800964 , 0.199036
1065.53 , 0.798851 , 0.201149
1066.03 , 0.796628 , 0.203372
1066.53 , 0.794292 , 0.205708
1067.03 , 0.791839 , 0.208161
1067.53 , 0.789266 , 0.210734
1068.03 , 0.786569 , 0.213431
1068.53 , 0.783744 , 0.216256
1069.03 , 0.780786 , 0.219214
1069.53 , 0.777692 , 0.222308
1070.04 , 0.774455 , 0.225545
1070.54 , 0.771072 , 0.228928
1071.04 , 0.767538 , 0.232462
1071.54 , 0.763846 , 0.236154
1072.04 , 0.759991 , 0.240009
1072.54 , 0.755967 , 0.244033
1073.04 , 0.751769 , 0.248231
1073.54 , 0.747388 , 0.252612
1074.04 , 0.742819 , 0.257181
1074.54 , 0.738055 , 0.261945
1075.04 , 0.733088 , 0.266912
1075.54 , 0.727911 , 0.272089
1076.04 , 0.722515 , 0.277485
1076.54 , 0.716893 , 0.283107
1077.04 , 0.711036 , 0.288964
1077.54 , 0.704935 , 0.295065
1078.04 , 0.698582 , 0.301418
1078.54 , 0.691966 , 0.308034
1079.04 , 0.685078 , 0.314922
1079.54 , 0.677909 , 0.322091
1080.04 , 0.670449 , 0.329551
1080.54 , 0.662688 , 0.337312
1081.04 , 0.654614 , 0.345386
1081.54 , 0.646219 , 0.353781
1082.04 , 0.637491 , 0.362509
1082.54 , 0.628421 , 0.371579
1083.04 , 0.618999 , 0.381001
1083.54 , 0.609213 , 0.390787
1084.04 , 0.599056 , 0.400944
1084.54 , 0.588517 , 0.411483
1085.04 , 0.577588 , 0.422412
1085.54 , 0.566262 , 0.433738
1086.04 , 0.554531 , 0.445469
1086.54 , 0.542389 , 0.457611
1087.04 , 0.529832 , 0.470168
1087.54 , 0.516857 , 0.483143
1088.04 , 0.503463 , 0.496537
1088.54 , 0.48965 , 0.51035
1089.04 , 0.47542 , 0.52458
1089.54 , 0.460781 , 0.539219
1090.05 , 0.44574 , 0.55426
1090.55 , 0.430309 , 0.569691
1091.05 , 0.414504 , 0.585496
1091.55 , 0.398343 , 0.601657
1092.05 , 0.38185 , 0.61815
1092.55 , 0.365053 , 0.634947
1093.05 , 0.347984 , 0.652016
1093.55 , 0.330682 , 0.669318
1094.05 , 0.313188 , 0.686812
1094.55 , 0.29555 , 0.70445
1095.05 , 0.277822 , 0.722178
1095.55 , 0.260062 , 0.739938
1096.05 , 0.242332 , 0.757668
1096.55 , 0.2247 , 0.7753
1097.05 , 0.207238 , 0.792762
1097.55 , 0.19002 , 0.80998
1098.05 , 0.173124 , 0.826876
1098.55 , 0.156629 , 0.843371
1099.05 , 0.140616 , 0.859384
1099.55 , 0.125165 , 0.874835
1100.05 , 0.110352 , 0.889648
1100.55 , 0.0962551 , 0.903745
1101.05 , 0.082944 , 0.917056
1101.55 , 0.070485 , 0.929515
1102.05 , 0.0589374 , 0.941063
1102.55 , 0.0483529 , 0.951647
1103.05 , 0.0387745 , 0.961226
1103.55 , 0.0302357 , 0.969764
1104.05 , 0.0227604 , 0.97724
1104.55 , 0.0163616 , 0.983638
1105.05 , 0.0110422 , 0.988958
1105.55 , 0.0067945 , 0.993205
1106.05 , 0.0036009 , 0.996399
1106.55 , 0.00143412 , 0.998566
1107.05 , 0.000258082 , 0.999742
1107.55 , 2.8735e-05 , 0.999971
1108.05 , 0.000695019 , 0.999305
1108.55 , 0.00219992 , 0.9978
1109.05 , 0.00448156 , 0.995518
1109.55 , 0.00747431 , 0.992526
1110.06 , 0.0111098 , 0.98889
1110.56 , 0.0153182 , 0.984682
1111.06 , 0.0200287 , 0.979971
1111.56 , 0.0251708 , 0.974829
1112.06 , 0.0306749 , 0.969325
1112.56 , 0.0364731 , 0.963527
1113.06 , 0.0424995 , 0.957501
1113.56 , 0.0486907 , 0.951309
1114.06 , 0.0549866 , 0.945013
1114.56 , 0.0613298 , 0.93867
1115.06 , 0.0676665 , 0.932334
1115.56 , 0.0739462 , 0.926054
1116.06 , 0.0801221 , 0.919878
1116.56 , 0.0861503 , 0.91385
1117.06 , 0.0919907 , 0.908009
1117.56 , 0.0976061 , 0.902394
1118.06 , 0.102963 , 0.897037
1118.56 , 0.108029 , 0.891971
1119.06 , 0.112776 , 0.887224
1119.56 , 0.117179 , 0.882821
1120.06 , 0.121214 , 0.878786
1120.56 , 0.124859 , 0.875141
1121.06 , 0.128095 , 0.871905
1121.56 , 0.130904 , 0.869096
1122.06 , 0.133271 , 0.866729
1122.56 , 0.135182 , 0.864818
1123.06 , 0.136623 , 0.863377
1123.56 , 0.137584 , 0.862416
1124.06 , 0.138055 , 0.861945
1124.56 , 0.138028 , 0.861972
1125.06 , 0.137495 , 0.862505
1125.56 , 0.136451 , 0.863549
1126.06 , 0.134893 , 0.865107
1126.56 , 0.132818 , 0.867182
1127.06 , 0.130227 , 0.869773
1127.56 , 0.127122 , 0.872878
1128.06 , 0.123507 , 0.876493
1128.56 , 0.119392 , 0.880608
1129.06 , 0.114787 , 0.885213
1129.56 , 0.109707 , 0.890293
1130.07 , 0.104173 , 0.895827
1130.57 , 0.0982105 , 0.901789
1131.07 , 0.0918507 , 0.908149
1131.57 , 0.0851325 , 0.914868
1132.07 , 0.0781024 , 0.921898
1132.57 , 0.0708164 , 0.929184
1133.07 , 0.0633404 , 0.93666
1133.57 , 0.0557514 , 0.944249
1134.07 , 0.0481388 , 0.951861
1134.57 , 0.0406053 , 0.959395
1135.07 , 0.0332676 , 0.966732
1135.57 , 0.026257 , 0.973743
1136.07 , 0.0197194 , 0.980281
1136.57 , 0.0138154 , 0.986185
1137.07 , 0.00871912 , 0.991281
1137.57 , 0.00461644 , 0.995384
1138.07 , 0.0017026 , 0.998297
1138.57 , 0.000178602 , 0.999821
1139.07 , 0.000246559 , 0.999753
1139.57 , 0.00210414 , 0.997896
1140.07 , 0.00593802 , 0.994062
1140.57 , 0.0119167 , 0.988083
1141.07 , 0.0201827 , 0.979817
1141.57 , 0.0308454 , 0.969155
1142.07 , 0.0439737 , 0.956026
1142.57 , 0.0595907 , 0.940409
1143.07 , 0.0776691 , 0.922331
1143.57 , 0.0981298 , 0.90187
1144.07 , 0.120842 , 0.879158
1144.57 , 0.145627 , 0.854373
1145.07 , 0.172263 , 0.827737
1145.57 , 0.200494 , 0.799506
1146.07 , 0.230036 , 0.769964
1146.57 , 0.260593 , 0.739407
1147.07 , 0.29186 , 0.70814
1147.57 , 0.323539 , 0.676461
1148.07 , 0.355344 , 0.644656
1148.57 , 0.38701 , 0.61299
1149.07 , 0.418295 , 0.581705
1149.57 , 0.44899 , 0.55101
1150.08 , 0.478916 , 0.521084
1150.58 , 0.507924 , 0.492076
1151.08 , 0.535898 , 0.464102
1151.58 , 0.56275 , 0.43725
1152.08 , 0.58842 , 0.41158
1152.58 , 0.612869 , 0.387131
1153.08 , 0.636081 , 0.363919
1153.58 , 0.658056 , 0.341944
1154.08 , 0.678809 , 0.321191
1154.58 , 0.698366 , 0.301634
1155.08 , 0.716762 , 0.283238
1155.58 , 0.734039 , 0.265961
1156.08 , 0.750245 , 0.249755
1156.58 , 0.765429 , 0.234571
1157.08 , 0.779643 , 0.220357
1157.58 , 0.792939 , 0.207061
1158.08 , 0.805371 , 0.194629
1158.58 , 0.816989 , 0.183011
1159.08 , 0.827844 , 0.172156
1159.58 , 0.837984 , 0.162016
1160.08 , 0.847457 , 0.152543
1160.58 , 0.856305 , 0.143695
1161.08 , 0.864571 , 0.135429
1161.58 , 0.872294 , 0.127706
1162.08 , 0.879512 , 0.120488
1162.58 , 0.88626 , 0.11374
1163.08 , 0.89257 , 0.10743
1163.58 , 0.898473 , 0.101527
1164.08 , 0.903997 , 0.0960028
1164.58 , 0.909169 , 0.0908308
1165.08 , 0.914014 , 0.0859864
1165.58 , 0.918553 , 0.0814468
1166.08 , 0.922809 , 0.0771906
1166.58 , 0.926802 , 0.0731982
1167.08 , 0.930549 , 0.0694514
1167.58 , 0.934067 , 0.0659331
1168.08 , 0.937372 , 0.0626278
1168.58 , 0.940479 , 0.0595209
1169.08 , 0.943401 , 0.0565988
1169.58 , 0.946151 , 0.0538491
1170.09 , 0.94874 , 0.0512603
1170.59 , 0.951178 , 0.0488215
1171.09 , 0.953477 , 0.0465229
1171.59 , 0.955645 , 0.0443553
1172.09 , 0.95769 , 0.04231
1172.59 , 0.959621 , 0.0403791
1173.09 , 0.961445 , 0.0385553
1173.59 , 0.963168 , 0.0368318
1174.09 , 0.964798 , 0.0352021
1174.59 , 0.96634 , 0.0336603
1175.09 , 0.967799 , 0.032201
1175.59 , 0.969181 , 0.030819
1176.09 , 0.97049 , 0.0295097
1176.59 , 0.971732 , 0.0282685
1177.09 , 0.972909 , 0.0270913
1177.59 , 0.974026 , 0.0259743
1178.09 , 0.975086 , 0.0249139
1178.59 , 0.976093 , 0.0239068
1179.09 , 0.97705 , 0.0229498
1179.59 , 0.97796 , 0.02204
1180.09 , 0.978825 , 0.0211748
1180.59 , 0.979649 , 0.0203514
1181.09 , 0.980432 , 0.0195677
1181.59 , 0.981179 , 0.0188213
1182.09 , 0.98189 , 0.0181102
1182.59 , 0.982568 , 0.0174323
1183.09 , 0.983214 , 0.016786
1183.59 , 0.983831 , 0.0161694
1184.09 , 0.984419 , 0.0155809
1184.59 , 0.984981 , 0.0150191
1185.09 , 0.985517 , 0.0144825
1185.59 , 0.98603 , 0.0139698
1186.09 , 0.98652 , 0.0134798
1186.59 , 0.986989 , 0.0130112
1187.09 , 0.987437 , 0.0125629
1187.59 , 0.987866 , 0.012134
1188.09 , 0.988277 , 0.0117234
1188.59 , 0.98867 , 0.0113302
1189.09 , 0.989047 , 0.0109535
1189.59 , 0.989407 , 0.0105925
1190.1 , 0.989753 , 0.0102465
1190.6 , 0.990085 , 0.00991471
1191.1 , 0.990404 , 0.00959641
1191.6 , 0.990709 , 0.00929099
1192.1 , 0.991002 , 0.00899782
1192.6 , 0.991284 , 0.00871632
1193.1 , 0.991554 , 0.00844593
1193.6 , 0.991814 , 0.00818615
1194.1 , 0.992064 , 0.00793648
1194.6 , 0.992304 , 0.00769644
1195.1 , 0.992534 , 0.00746561
1195.6 , 0.992756 , 0.00724356
1196.1 , 0.99297 , 0.00702989
1196.6 , 0.993176 , 0.00682424
1197.1 , 0.993374 , 0.00662624
1197.6 , 0.993564 , 0.00643555
1198.1 , 0.993748 , 0.00625185
1198.6 , 0.993925 , 0.00607485
1199.1 , 0.994096 , 0.00590424
1199.6 , 0.99426 , 0.00573976
1200.1 , 0.994419 , 0.00558114
1200.6 , 0.994572 , 0.00542814
1201.1 , 0.994719 , 0.00528052
1201.6 , 0.994862 , 0.00513804
1202.1 , 0.994999 , 0.00500051
1202.6 , 0.995132 , 0.00486771
1203.1 , 0.995261 , 0.00473945
1203.6 , 0.995384 , 0.00461555
1204.1 , 0.995504 , 0.00449582
1204.6 , 0.99562 , 0.00438011
1205.1 , 0.995732 , 0.00426825
1205.6 , 0.99584 , 0.00416008
1206.1 , 0.995945 , 0.00405547
1206.6 , 0.996046 , 0.00395427
1207.1 , 0.996144 , 0.00385635
1207.6 , 0.996238 , 0.00376158
1208.1 , 0.99633 , 0.00366985
1208.6 , 0.996419 , 0.00358103
1209.1 , 0.996505 , 0.00349501
1209.6 , 0.996588 , 0.00341169
1210.11 , 0.996669 , 0.00333097
1210.61 , 0.996747 , 0.00325276
1211.11 , 0.996823 , 0.00317695
1211.61 , 0.996897 , 0.00310345
1212.11 , 0.996968 , 0.0030322
1212.61 , 0.997037 , 0.00296309
1213.11 , 0.997104 , 0.00289606
1213.61 , 0.997169 , 0.00283104
1214.11 , 0.997232 , 0.00276794
1214.61 , 0.997293 , 0.0027067
1215.11 , 0.997353 , 0.00264725
1215.61 , 0.99741 , 0.00258954
1216.11 , 0.997467 , 0.00253349
1216.61 , 0.997521 , 0.00247906
1217.11 , 0.997574 , 0.00242619
1217.61 , 0.997625 , 0.00237482
1218.11 , 0.997675 , 0.0023249
1218.61 , 0.997724 , 0.00227639
1219.11 , 0.997771 , 0.00222923
1219.61 , 0.997817 , 0.00218338
1220.11 , 0.997861 , 0.00213879
1220.61 , 0.997905 , 0.00209543
1221.11 , 0.997947 , 0.00205326
1221.61 , 0.997988 , 0.00201223
1222.11 , 0.998028 , 0.00197231
1222.61 , 0.998067 , 0.00193345
1223.11 , 0.998104 , 0.00189564
1223.61 , 0.998141 , 0.00185883
1224.11 , 0.998177 , 0.00182299
1224.61 , 0.998212 , 0.00178809
1225.11 , 0.998246 , 0.0017541
1225.61 , 0.998279 , 0.001721
1226.11 , 0.998311 , 0.00168874
1226.61 , 0.998343 , 0.00165732
1227.11 , 0.998373 , 0.0016267
1227.61 , 0.998403 , 0.00159686
1228.11 , 0.998432 , 0.00156777
1228.61 , 0.998461 , 0.00153941
1229.11 , 0.998488 , 0.00151176
1229.61 , 0.998515 , 0.0014848
1230.12 , 0.998541 , 0.0014585
1230.62 , 0.998567 , 0.00143285
1231.12 , 0.998592 , 0.00140783
1231.62 , 0.998617 , 0.00138342
1232.12 , 0.99864 , 0.0013596
1232.62 , 0.998664 , 0.00133635
1233.12 , 0.998686 , 0.00131366
1233.62 , 0.998708 , 0.00129151
1234.12 , 0.99873 , 0.00126989
1234.62 , 0.998751 , 0.00124877
1235.12 , 0.998772 , 0.00122815
1235.62 , 0.998792 , 0.00120802
1236.12 , 0.998812 , 0.00118835
1236.62 , 0.998831 , 0.00116914
1237.12 , 0.99885 , 0.00115037
1237.62 , 0.998868 , 0.00113202
1238.12 , 0.998886 , 0.0011141
1238.62 , 0.998903 , 0.00109658
1239.12 , 0.998921 , 0.00107946
1239.62 , 0.998937 , 0.00106273
1240.12 , 0.998954 , 0.00104636
1240.62 , 0.99897 , 0.00103037
1241.12 , 0.998985 , 0.00101472
1241.62 , 0.999001 , 0.000999421
1242.12 , 0.999016 , 0.000984456
1242.62 , 0.99903 , 0.000969818
1243.12 , 0.999045 , 0.000955498
1243.62 , 0.999059 , 0.000941488
1244.12 , 0.999072 , 0.000927779
1244.62 , 0.999086 , 0.000914364
1245.12 , 0.999099 , 0.000901234
1245.62 , 0.999112 , 0.000888384
1246.12 , 0.999124 , 0.000875804
1246.62 , 0.999137 , 0.00086349
1247.12 , 0.999149 , 0.000851433
1247.62 , 0.99916 , 0.000839627
1248.12 , 0.999172 , 0.000828067
1248.62 , 0.999183 , 0.000816745
1249.12 , 0.999194 , 0.000805656
1249.62 , 0.999205 , 0.000794794
1250.13 , 0.999216 , 0.000784154
1250.63 , 0.999226 , 0.000773729
1251.13 , 0.999236 , 0.000763515
1251.63 , 0.999246 , 0.000753507
1252.13 , 0.999256 , 0.000743699
1252.63 , 0.999266 , 0.000734087
1253.13 , 0.999275 , 0.000724665
1253.63 , 0.999285 , 0.00071543
1254.13 , 0.999294 , 0.000706377
1254.63 , 0.999302 , 0.000697502
1255.13 , 0.999311 , 0.0006888
1255.63 , 0.99932 , 0.000680267
1256.13 , 0.999328 , 0.0006719
1256.63 , 0.999336 , 0.000663694
1257.13 , 0.999344 , 0.000655645
1257.63 , 0.999352 , 0.000647751
1258.13 , 0.99936 , 0.000640007
1258.63 , 0.999368 , 0.000632411
1259.13 , 0.999375 , 0.000624958
1259.63 , 0.999382 , 0.000617645
1260.13 , 0.99939 , 0.00061047
1260.63 , 0.999397 , 0.000603429
1261.13 , 0.999403 , 0.000596518
1261.63 , 0.99941 , 0.000589737
1262.13 , 0.999417 , 0.00058308
1262.63 , 0.999423 , 0.000576546
1263.13 , 0.99943 , 0.000570132
1263.63 , 0.999436 , 0.000563835
1264.13 , 0.999442 , 0.000557652
1264.63 , 0.999448 , 0.000551582
1265.13 , 0.999454 , 0.000545622
1265.63 , 0.99946 , 0.000539769
1266.13 , 0.999466 , 0.000534021
1266.63 , 0.999472 , 0.000528375
1267.13 , 0.999477 , 0.000522831
1267.63 , 0.999483 , 0.000517384
1268.13 , 0.999488 , 0.000512035
1268.63 , 0.999493 , 0.000506779
1269.13 , 0.999498 , 0.000501616
1269.63 , 0.999503 , 0.000496543
1270.14 , 0.999508 , 0.000491559
1270.64 , 0.999513 , 0.000486662
1271.14 , 0.999518 , 0.000481849
1271.64 , 0.999523 , 0.00047712
1272.14 , 0.999528 , 0.000472472
1272.64 , 0.999532 , 0.000467904
1273.14 , 0.999537 , 0.000463415
1273.64 , 0.999541 , 0.000459002
1274.14 , 0.999545 , 0.000454664
1274.64 , 0.99955 , 0.000450399
1275.14 , 0.999554 , 0.000446207
1275.64 , 0.999558 , 0.000442086
1276.14 , 0.999562 , 0.000438034
1276.64 , 0.999566 , 0.000434049
1277.14 , 0.99957 , 0.000430132
1277.64 , 0.999574 , 0.000426279
1278.14 , 0.999578 , 0.000422491
1278.64 , 0.999581 , 0.000418766
1279.14 , 0.999585 , 0.000415102
1279.64 , 0.999589 , 0.000411499
1280.14 , 0.999592 , 0.000407954
1280.64 , 0.999596 , 0.000404468
1281.14 , 0.999599 , 0.00040104
1281.64 , 0.999602 , 0.000397667
1282.14 , 0.999606 , 0.000394349
1282.64 , 0.999609 , 0.000391084
1283.14 , 0.999612 , 0.000387873
1283.64 , 0.999615 , 0.000384714
1284.14 , 0.999618 , 0.000381606
1284.64 , 0.999621 , 0.000378547
1285.14 , 0.999624 , 0.000375538
1285.64 , 0.999627 , 0.000372577
1286.14 , 0.99963 , 0.000369663
1286.64 , 0.999633 , 0.000366796
1287.14 , 0.999636 , 0.000363975
1287.64 , 0.999639 , 0.000361198
1288.14 , 0.999642 , 0.000358466
1288.64 , 0.999644 , 0.000355776
1289.14 , 0.999647 , 0.00035313
1289.64 , 0.999649 , 0.000350525
1290.15 , 0.999652 , 0.000347961
1290.65 , 0.999655 , 0.000345437
1291.15 , 0.999657 , 0.000342953
1291.65 , 0.999659 , 0.000340508
1292.15 , 0.999662 , 0.000338101
1292.65 , 0.999664 , 0.000335732
1293.15 , 0.999667 , 0.0003334
1293.65 , 0.999669 , 0.000331104
1294.15 , 0.999671 , 0.000328844
1294.65 , 0.999673 , 0.000326619
1295.15 , 0.999676 , 0.000324429
1295.65 , 0.999678 , 0.000322273
1296.15 , 0.99968 , 0.00032015
1296.65 , 0.999682 , 0.00031806
1297.15 , 0.999684 , 0.000316002
1297.65 , 0.999686 , 0.000313976
1298.15 , 0.999688 , 0.000311982
1298.65 , 0.99969 , 0.000310018
1299.15 , 0.999692 , 0.000308085
1299.65 , 0.999694 , 0.000306181
1300.15 , 0.999696 , 0.000304307
1300.65 , 0.999698 , 0.000302462
1301.15 , 0.999699 , 0.000300645
1301.65 , 0.999701 , 0.000298856
1302.15 , 0.999703 , 0.000297095
1302.65 , 0.999705 , 0.000295361
1303.15 , 0.999706 , 0.000293653
1303.65 , 0.999708 , 0.000291972
1304.15 , 0.99971 , 0.000290317
1304.65 , 0.999711 , 0.000288688
1305.15 , 0.999713 , 0.000287083
1305.65 , 0.999714 , 0.000285503
1306.15 , 0.999716 , 0.000283948
1306.65 , 0.999718 , 0.000282417
1307.15 , 0.999719 , 0.000280909
1307.65 , 0.999721 , 0.000279425
1308.15 , 0.999722 , 0.000277964
1308.65 , 0.999723 , 0.000276525
1309.15 , 0.999725 , 0.000275109
1309.65 , 0.999726 , 0.000273715
1310.16 , 0.999728 , 0.000272342
1310.66 , 0.999729 , 0.000270991
1311.16 , 0.99973 , 0.000269661
1311.66 , 0.999732 , 0.000268352
1312.16 , 0.999733 , 0.000267064
1312.66 , 0.999734 , 0.000265795
1313.16 , 0.999735 , 0.000264547
1313.66 , 0.999737 , 0.000263318
1314.16 , 0.999738 , 0.000262109
1314.66 , 0.999739 , 0.000260919
1315.16 , 0.99974 , 0.000259748
1315.66 , 0.999741 , 0.000258596
1316.16 , 0.999743 , 0.000257462
1316.66 , 0.999744 , 0.000256346
1317.16 , 0.999745 , 0.000255248
1317.66 , 0.999746 , 0.000254168
1318.16 , 0.999747 , 0.000253106
1318.66 , 0.999748 , 0.00025206
1319.16 , 0.999749 , 0.000251032
1319.66 , 0.99975 , 0.000250021
1320.16 , 0.999751 , 0.000249026
1320.66 , 0.999752 , 0.000248048
1321.16 , 0.999753 , 0.000247086
1321.66 , 0.999754 , 0.00024614
1322.16 , 0.999755 , 0.000245209
1322.66 , 0.999756 , 0.000244295
1323.16 , 0.999757 , 0.000243396
1323.66 , 0.999757 , 0.000242512
1324.16 , 0.999758 , 0.000241644
1324.66 , 0.999759 , 0.00024079
1325.16 , 0.99976 , 0.000239952
1325.66 , 0.999761 , 0.000239127
1326.16 , 0.999762 , 0.000238318
1326.66 , 0.999762 , 0.000237522
1327.16 , 0.999763 , 0.000236741
1327.66 , 0.999764 , 0.000235974
1328.16 , 0.999765 , 0.00023522
1328.66 , 0.999766 , 0.000234481
1329.16 , 0.999766 , 0.000233755
1329.66 , 0.999767 , 0.000233042
1330.17 , 0.999768 , 0.000232342
1330.67 , 0.999768 , 0.000231656
1331.17 , 0.999769 , 0.000230983
1331.67 , 0.99977 , 0.000230322
1332.17 , 0.99977 , 0.000229675
1332.67 , 0.999771 , 0.00022904
1333.17 , 0.999772 , 0.000228417
1333.67 , 0.999772 , 0.000227807
1334.17 , 0.999773 , 0.000227209
1334.67 , 0.999773 , 0.000226624
1335.17 , 0.999774 , 0.00022605
1335.67 , 0.999775 , 0.000225489
1336.17 , 0.999775 , 0.000224939
1336.67 , 0.999776 , 0.000224401
1337.17 , 0.999776 , 0.000223874
1337.67 , 0.999777 , 0.000223359
1338.17 , 0.999777 , 0.000222856
1338.67 , 0.999778 , 0.000222364
1339.17 , 0.999778 , 0.000221883
1339.67 , 0.999779 , 0.000221414
1340.17 , 0.999779 , 0.000220955
1340.67 , 0.999779 , 0.000220507
1341.17 , 0.99978 , 0.000220071
1341.67 , 0.99978 , 0.000219645
1342.17 , 0.999781 , 0.00021923
1342.67 , 0.999781 , 0.000218826
1343.17 , 0.999782 , 0.000218432
1343.67 , 0.999782 , 0.000218049
1344.17 , 0.999782 , 0.000217676
1344.67 , 0.999783 , 0.000217313
1345.17 , 0.999783 , 0.000216961
1345.67 , 0.999783 , 0.000216619
1346.17 , 0.999784 , 0.000216288
1346.67 , 0.999784 , 0.000215966
1347.17 , 0.999784 , 0.000215655
1347.67 , 0.999785 , 0.000215354
1348.17 , 0.999785 , 0.000215062
1348.67 , 0.999785 , 0.000214781
1349.17 , 0.999785 , 0.000214509
1349.67 , 0.999786 , 0.000214247
1350.18 , 0.999786 , 0.000213995
1350.68 , 0.999786 , 0.000213752
1351.18 , 0.999786 , 0.000213519
1351.68 , 0.999787 , 0.000213296
1352.18 , 0.999787 , 0.000213082
1352.68 , 0.999787 , 0.000212878
1353.18 , 0.999787 , 0.000212684
1353.68 , 0.999788 , 0.000212498
1354.18 , 0.999788 , 0.000212323
1354.68 , 0.999788 , 0.000212156
1355.18 , 0.999788 , 0.000211999
1355.68 , 0.999788 , 0.000211851
1356.18 , 0.999788 , 0.000211713
1356.68 , 0.999788 , 0.000211583
1357.18 , 0.999789 , 0.000211463
1357.68 , 0.999789 , 0.000211352
1358.18 , 0.999789 , 0.000211251
1358.68 , 0.999789 , 0.000211158
1359.18 , 0.999789 , 0.000211075
1359.68 , 0.999789 , 0.000211
1360.18 , 0.999789 , 0.000210935
1360.68 , 0.999789 , 0.000210879
1361.18 , 0.999789 , 0.000210832
1361.68 , 0.999789 , 0.000210793
1362.18 , 0.999789 , 0.000210764
1362.68 , 0.999789 , 0.000210744
1363.18 , 0.999789 , 0.000210733
1363.68 , 0.999789 , 0.000210731
1364.18 , 0.999789 , 0.000210738
1364.68 , 0.999789 , 0.000210753
1365.18 , 0.999789 , 0.000210778
1365.68 , 0.999789 , 0.000210812
1366.18 , 0.999789 , 0.000210855
1366.68 , 0.999789 , 0.000210906
1367.18 , 0.999789 , 0.000210967
1367.68 , 0.999789 , 0.000211036
1368.18 , 0.999789 , 0.000211115
1368.68 , 0.999789 , 0.000211202
1369.18 , 0.999789 , 0.000211299
1369.68 , 0.999789 , 0.000211404
1370.19 , 0.999788 , 0.000211519
1370.69 , 0.999788 , 0.000211642
1371.19 , 0.999788 , 0.000211775
1371.69 , 0.999788 , 0.000211916
1372.19 , 0.999788 , 0.000212067
1372.69 , 0.999788 , 0.000212227
1373.19 , 0.999788 , 0.000212395
1373.69 , 0.999787 , 0.000212573
1374.19 , 0.999787 , 0.00021276
1374.69 , 0.999787 , 0.000212956
1375.19 , 0.999787 , 0.000213161
1375.69 , 0.999787 , 0.000213376
1376.19 , 0.999786 , 0.0002136
1376.69 , 0.999786 , 0.000213832
1377.19 , 0.999786 , 0.000214075
1377.69 , 0.999786 , 0.000214326
1378.19 , 0.999785 , 0.000214587
1378.69 , 0.999785 , 0.000214857
1379.19 , 0.999785 , 0.000215137
1379.69 , 0.999785 , 0.000215426
1380.19 , 0.999784 , 0.000215724
1380.69 , 0.999784 , 0.000216032
1381.19 , 0.999784 , 0.00021635
1381.69 , 0.999783 , 0.000216677
1382.19 , 0.999783 , 0.000217014
1382.69 , 0.999783 , 0.000217361
1383.19 , 0.999782 , 0.000217717
1383.69 , 0.999782 , 0.000218083
1384.19 , 0.999782 , 0.000218459
1384.69 , 0.999781 , 0.000218845
1385.19 , 0.999781 , 0.000219241
1385.69 , 0.99978 , 0.000219647
1386.19 , 0.99978 , 0.000220063
1386.69 , 0.99978 , 0.000220489
1387.19 , 0.999779 , 0.000220925
1387.69 , 0.999779 , 0.000221372
1388.19 , 0.999778 , 0.000221829
1388.69 , 0.999778 , 0.000222296
1389.19 , 0.999777 , 0.000222773
1389.69 , 0.999777 , 0.000223262
1390.2 , 0.999776 , 0.00022376
1390.7 , 0.999776 , 0.00022427
1391.2 , 0.999775 , 0.00022479
1391.7 , 0.999775 , 0.000225321
1392.2 , 0.999774 , 0.000225863
1392.7 , 0.999774 , 0.000226416
1393.2 , 0.999773 , 0.00022698
1393.7 , 0.999772 , 0.000227556
1394.2 , 0.999772 , 0.000228142
1394.7 , 0.999771 , 0.00022874
1395.2 , 0.999771 , 0.000229349
1395.7 , 0.99977 , 0.00022997
1396.2 , 0.999769 , 0.000230603
1396.7 , 0.999769 , 0.000231247
1397.2 , 0.999768 , 0.000231903
1397.7 , 0.999767 , 0.000232571
1398.2 , 0.999767 , 0.000233251
1398.7 , 0.999766 , 0.000233943
1399.2 , 0.999765 , 0.000234647
1399.7 , 0.999765 , 0.000235364
1400.2 , 0.999764 , 0.000236093
1400.7 , 0.999763 , 0.000236835
1401.2 , 0.999762 , 0.00023759
1401.7 , 0.999762 , 0.000238358
1402.2 , 0.999761 , 0.000239138
1402.7 , 0.99976 , 0.000239932
1403.2 , 0.999759 , 0.000240739
1403.7 , 0.999758 , 0.000241559
1404.2 , 0.999758 , 0.000242393
1404.7 , 0.999757 , 0.000243241
1405.2 , 0.999756 , 0.000244102
1405.7 , 0.999755 , 0.000244977
1406.2 , 0.999754 , 0.000245867
1406.7 , 0.999753 , 0.00024677
1407.2 , 0.999752 , 0.000247689
1407.7 , 0.999751 , 0.000248621
1408.2 , 0.99975 , 0.000249569
1408.7 , 0.999749 , 0.000250531
1409.2 , 0.999748 , 0.000251509
1409.7 , 0.999747 , 0.000252502
1410.21 , 0.999746 , 0.00025351
1410.71 , 0.999745 , 0.000254534
1411.21 , 0.999744 , 0.000255573
1411.71 , 0.999743 , 0.000256629
1412.21 , 0.999742 , 0.000257701
1412.71 , 0.999741 , 0.000258789
1413.21 , 0.99974 , 0.000259894
1413.71 , 0.999739 , 0.000261016
1414.21 , 0.999738 , 0.000262155
1414.71 , 0.999737 , 0.000263311
1415.21 , 0.999736 , 0.000264484
1415.71 , 0.999734 , 0.000265675
1416.21 , 0.999733 , 0.000266884
1416.71 , 0.999732 , 0.000268112
1417.21 , 0.999731 , 0.000269357
1417.71 , 0.999729 , 0.000270621
1418.21 , 0.999728 , 0.000271904
1418.71 , 0.999727 , 0.000273207
1419.21 , 0.999725 , 0.000274528
1419.71 , 0.999724 , 0.000275869
1420.21 , 0.999723 , 0.00027723
1420.71 , 0.999721 , 0.000278612
1421.21 , 0.99972 , 0.000280014
1421.71 , 0.999719 , 0.000281436
1422.21 , 0.999717 , 0.00028288
1422.71 , 0.999716 , 0.000284345
1423.21 , 0.999714 , 0.000285832
1423.71 , 0.999713 , 0.00028734
1424.21 , 0.999711 , 0.000288871
1424.71 , 0.99971 , 0.000290425
1425.21 , 0.999708 , 0.000292001
1425.71 , 0.999706 , 0.000293601
1426.21 , 0.999705 , 0.000295225
1426.71 , 0.999703 , 0.000296872
1427.21 , 0.999701 , 0.000298544
1427.71 , 0.9997 , 0.000300241
1428.21 , 0.999698 , 0.000301963
1428.71 , 0.999696 , 0.00030371
1429.21 , 0.999695 , 0.000305483
1429.71 , 0.999693 , 0.000307282
1430.22 , 0.999691 , 0.000309108
1430.72 , 0.999689 , 0.000310962
1431.22 , 0.999687 , 0.000312843
1431.72 , 0.999685 , 0.000314751
1432.22 , 0.999683 , 0.000316689
1432.72 , 0.999681 , 0.000318655
1433.22 , 0.999679 , 0.000320651
1433.72 , 0.999677 , 0.000322676
1434.22 , 0.999675 , 0.000324732
1434.72 , 0.999673 , 0.000326819
1435.22 , 0.999671 , 0.000328937
1435.72 , 0.999669 , 0.000331087
1436.22 , 0.999667 , 0.000333269
1436.72 , 0.999665 , 0.000335485
1437.22 , 0.999662 , 0.000337734
1437.72 , 0.99966 , 0.000340017
1438.22 , 0.999658 , 0.000342335
1438.72 , 0.999655 , 0.000344688
1439.22 , 0.999653 , 0.000347077
1439.72 , 0.99965 , 0.000349503
1440.22 , 0.999648 , 0.000351966
1440.72 , 0.999646 , 0.000354467
1441.22 , 0.999643 , 0.000357006
1441.72 , 0.99964 , 0.000359585
1442.22 , 0.999638 , 0.000362204
1442.72 , 0.999635 , 0.000364863
1443.22 , 0.999632 , 0.000367564
1443.72 , 0.99963 , 0.000370307
1444.22 , 0.999627 , 0.000373093
1444.72 , 0.999624 , 0.000375923
1445.22 , 0.999621 , 0.000378797
1445.72 , 0.999618 , 0.000381717
1446.22 , 0.999615 , 0.000384683
1446.72 , 0.999612 , 0.000387697
1447.22 , 0.999609 , 0.000390758
1447.72 , 0.999606 , 0.000393869
1448.22 , 0.999603 , 0.000397029
1448.72 , 0.9996 , 0.000400241
1449.22 , 0.999596 , 0.000403504
1449.72 , 0.999593 , 0.00040682
1450.23 , 0.99959 , 0.00041019
1450.73 , 0.999586 , 0.000413616
1451.23 , 0.999583 , 0.000417097
1451.73 , 0.999579 , 0.000420636
1452.23 , 0.999576 , 0.000424234
1452.73 , 0.999572 , 0.000427891
1453.23 , 0.999568 , 0.000431609
1453.73 , 0.999565 , 0.000435389
1454.23 , 0.999561 , 0.000439232
1454.73 , 0.999557 , 0.00044314
1455.23 , 0.999553 , 0.000447115
1455.73 , 0.999549 , 0.000451157
1456.23 , 0.999545 , 0.000455268
1456.73 , 0.999541 , 0.000459449
1457.23 , 0.999536 , 0.000463702
1457.73 , 0.999532 , 0.000468029
1458.23 , 0.999528 , 0.000472431
1458.73 , 0.999523 , 0.00047691
1459.23 , 0.999519 , 0.000481467
1459.73 , 0.999514 , 0.000486104
1460.23 , 0.999509 , 0.000490823
1460.73 , 0.999504 , 0.000495626
1461.23 , 0.999499 , 0.000500514
1461.73 , 0.999495 , 0.00050549
1462.23 , 0.999489 , 0.000510556
1462.73 , 0.999484 , 0.000515714
1463.23 , 0.999479 , 0.000520965
1463.73 , 0.999474 , 0.000526312
1464.23 , 0.999468 , 0.000531757
1464.73 , 0.999463 , 0.000537303
1465.23 , 0.999457 , 0.000542951
1465.73 , 0.999451 , 0.000548705
1466.23 , 0.999445 , 0.000554567
1466.73 , 0.999439 , 0.000560539
1467.23 , 0.999433 , 0.000566624
1467.73 , 0.999427 , 0.000572826
1468.23 , 0.999421 , 0.000579145
1468.73 , 0.999414 , 0.000585587
1469.23 , 0.999408 , 0.000592153
1469.73 , 0.999401 , 0.000598847
1470.24 , 0.999394 , 0.000605672
1470.74 , 0.999387 , 0.000612631
1471.24 , 0.99938 , 0.000619728
1471.74 , 0.999373 , 0.000626966
1472.24 , 0.999366 , 0.00063435
1472.74 , 0.999358 , 0.000641881
1473.24 , 0.99935 , 0.000649566
1473.74 , 0.999343 , 0.000657407
1474.24 , 0.999335 , 0.000665409
1474.74 , 0.999326 , 0.000673576
1475.24 , 0.999318 , 0.000681912
1475.74 , 0.99931 , 0.000690423
1476.24 , 0.999301 , 0.000699112
1476.74 , 0.999292 , 0.000707986
1477.24 , 0.999283 , 0.000717048
1477.74 , 0.999274 , 0.000726304
1478.24 , 0.999264 , 0.00073576
1478.74 , 0.999255 , 0.000745421
1479.24 , 0.999245 , 0.000755293
1479.74 , 0.999235 , 0.000765382
1480.24 , 0.999224 , 0.000775694
1480.74 , 0.999214 , 0.000786237
1481.24 , 0.999203 , 0.000797016
1481.74 , 0.999192 , 0.000808038
1482.24 , 0.999181 , 0.000819312
1482.74 , 0.999169 , 0.000830843
1483.24 , 0.999157 , 0.000842641
1483.74 , 0.999145 , 0.000854713
1484.24 , 0.999133 , 0.000867068
1484.74 , 0.99912 , 0.000879714
1485.24 , 0.999107 , 0.00089266
1485.74 , 0.999094 , 0.000905916
1486.24 , 0.999081 , 0.000919492
1486.74 , 0.999067 , 0.000933398
1487.24 , 0.999052 , 0.000947644
1487.74 , 0.999038 , 0.000962242
1488.24 , 0.999023 , 0.000977202
1488.74 , 0.999007 , 0.000992538
1489.24 , 0.998992 , 0.00100826
1489.74 , 0.998976 , 0.00102438
1490.25 , 0.998959 , 0.00104092
1490.75 , 0.998942 , 0.00105788
1491.25 , 0.998925 , 0.00107529
1491.75 , 0.998907 , 0.00109316
1492.25 , 0.998889 , 0.00111149
1492.75 , 0.99887 , 0.00113032
1493.25 , 0.99885 , 0.00114966
1493.75 , 0.99883 , 0.00116952
1494.25 , 0.99881 , 0.00118993
1494.75 , 0.998789 , 0.00121091
1495.25 , 0.998768 , 0.00123247
1495.75 , 0.998745 , 0.00125463
1496.25 , 0.998723 , 0.00127743
1496.75 , 0.998699 , 0.00130088
1497.25 , 0.998675 , 0.00132501
1497.75 , 0.99865 , 0.00134985
1498.25 , 0.998625 , 0.00137542
1498.75 , 0.998598 , 0.00140175
1499.25 , 0.998571 , 0.00142887
1499.75 , 0.998543 , 0.00145682
1500.25 , 0.998514 , 0.00148562
1500.75 , 0.998485 , 0.00151532
1501.25 , 0.998454 , 0.00154595
1501.75 , 0.998422 , 0.00157754
1502.25 , 0.99839 , 0.00161014
1502.75 , 0.998356 , 0.0016438
1503.25 , 0.998321 , 0.00167855
1503.75 , 0.998286 , 0.00171445
1504.25 , 0.998248 , 0.00175154
1504.75 , 0.99821 , 0.00178988
1505.25 , 0.99817 , 0.00182953
1505.75 , 0.998129 , 0.00187054
1506.25 , 0.998087 , 0.00191298
1506.75 , 0.998043 , 0.00195692
1507.25 , 0.997998 , 0.00200241
1507.75 , 0.99795 , 0.00204955
1508.25 , 0.997902 , 0.00209841
1508.75 , 0.997851 , 0.00214906
1509.25 , 0.997798 , 0.00220161
1509.75 , 0.997744 , 0.00225614
1510.26 , 0.997687 , 0.00231276
1510.76 , 0.997628 , 0.00237158
1511.26 , 0.997567 , 0.0024327
1511.76 , 0.997504 , 0.00249625
1512.26 , 0.997438 , 0.00256236
1512.76 , 0.997369 , 0.00263117
1513.26 , 0.997297 , 0.00270282
1513.76 , 0.997223 , 0.00277747
1514.26 , 0.997145 , 0.0028553
1514.76 , 0.997064 , 0.00293648
1515.26 , 0.996979 , 0.00302121
1515.76 , 0.99689 , 0.00310969
1516.26 , 0.996798 , 0.00320215
1516.76 , 0.996701 , 0.00329884
1517.26 , 0.9966 , 0.0034
1517.76 , 0.996494 , 0.00350593
1518.26 , 0.996383 , 0.00361692
1518.76 , 0.996267 , 0.00373329
1519.26 , 0.996145 , 0.00385541
1519.76 , 0.996016 , 0.00398365
1520.26 , 0.995882 , 0.00411842
1520.76 , 0.99574 , 0.00426018
1521.26 , 0.995591 , 0.00440942
1521.76 , 0.995433 , 0.00456666
1522.26 , 0.995268 , 0.00473248
1522.76 , 0.995092 , 0.00490753
1523.26 , 0.994908 , 0.00509249
1523.76 , 0.994712 , 0.00528811
1524.26 , 0.994505 , 0.00549525
1524.76 , 0.994285 , 0.0057148
1525.26 , 0.994052 , 0.00594777
1525.76 , 0.993805 , 0.00619529
1526.26 , 0.993541 , 0.00645857
1526.76 , 0.993261 , 0.00673897
1527.26 , 0.992962 , 0.00703802
1527.76 , 0.992643 , 0.00735738
1528.26 , 0.992301 , 0.00769893
1528.76 , 0.991935 , 0.00806476
1529.26 , 0.991543 , 0.00845722
1529.76 , 0.991121 , 0.00887893
1530.27 , 0.990667 , 0.00933287
1530.77 , 0.990178 , 0.00982238
1531.27 , 0.989649 , 0.0103513
1531.77 , 0.989076 , 0.0109238
1532.27 , 0.988455 , 0.011545
1532.77 , 0.98778 , 0.0122203
1533.27 , 0.987044 , 0.0129563
1533.77 , 0.98624 , 0.0137604
1534.27 , 0.985359 , 0.0146412
1534.77 , 0.984391 , 0.0156087
1535.27 , 0.983325 , 0.0166746
1535.77 , 0.982148 , 0.0178525
1536.27 , 0.980841 , 0.0191586
1536.77 , 0.979388 , 0.020612
1537.27 , 0.977764 , 0.0222355
1537.77 , 0.975944 , 0.0240565
1538.27 , 0.973892 , 0.0261078
1538.77 , 0.97157 , 0.0284296
1539.27 , 0.968929 , 0.031071
1539.77 , 0.965907 , 0.0340926
1540.27 , 0.96243 , 0.0375698
1540.77 , 0.958403 , 0.0415973
1541.27 , 0.953705 , 0.0462955
1541.77 , 0.948181 , 0.0518185
1542.27 , 0.941633 , 0.0583666
1542.77 , 0.933797 , 0.0662026
1543.27 , 0.924324 , 0.0756764
1543.77 , 0.91274 , 0.0872601
1544.27 , 0.898399 , 0.101601
1544.77 , 0.880402 , 0.119598
1545.27 , 0.857481 , 0.142519
1545.77 , 0.827821 , 0.172179
1546.27 , 0.788814 , 0.211186
1546.77 , 0.736711 , 0.263289
1547.27 , 0.666283 , 0.333717
1547.77 , 0.57087 , 0.42913
1548.27 , 0.444167 , 0.555833
1548.77 , 0.287111 , 0.712889
1549.27 , 0.123561 , 0.876439
1549.77 , 0.0133881 , 0.986612
1550.28 , 0.0198556 , 0.980144
1550.78 , 0.138514 , 0.861486
1551.28 , 0.30308 , 0.69692
1551.78 , 0.457195 , 0.542805
1552.28 , 0.580307 , 0.419693
1552.78 , 0.672757 , 0.327243
1553.28 , 0.741027 , 0.258973
1553.78 , 0.791628 , 0.208372
1554.28 , 0.829603 , 0.170397
1554.78 , 0.858551 , 0.141449
1555.28 , 0.880979 , 0.119021
1555.78 , 0.898631 , 0.101369
1556.28 , 0.912729 , 0.087271
1556.78 , 0.924141 , 0.0758592
1557.28 , 0.933493 , 0.0665075
1557.78 , 0.941242 , 0.058758
1558.28 , 0.947729 , 0.0522708
1558.78 , 0.95321 , 0.0467901
1559.28 , 0.957879 , 0.0421207
1559.78 , 0.961888 , 0.0381119
1560.28 , 0.965354 , 0.034646
1560.78 , 0.96837 , 0.0316301
1561.28 , 0.97101 , 0.0289903
1561.78 , 0.973333 , 0.026667
1562.28 , 0.975388 , 0.0246119
1562.78 , 0.977214 , 0.0227856
1563.28 , 0.978845 , 0.0211554
1563.78 , 0.980306 , 0.0196944
1564.28 , 0.98162 , 0.01838
1564.78 , 0.982807 , 0.0171935
1565.28 , 0.983881 , 0.0161187
1565.78 , 0.984858 , 0.0151422
1566.28 , 0.985748 , 0.0142523
1566.78 , 0.986561 , 0.0134391
1567.28 , 0.987306 , 0.0126941
1567.78 , 0.98799 , 0.0120099
1568.28 , 0.98862 , 0.01138
1568.78 , 0.989201 , 0.0107989
1569.28 , 0.989738 , 0.0102616
1569.78 , 0.990236 , 0.00976393
1570.29 , 0.990698 , 0.00930199
1570.79 , 0.991128 , 0.00887249
1571.29 , 0.991528 , 0.00847245
1571.79 , 0.991901 , 0.00809924
1572.29 , 0.992249 , 0.00775052
1572.79 , 0.992576 , 0.00742418
1573.29 , 0.992882 , 0.00711837
1573.79 , 0.993169 , 0.00683138
1574.29 , 0.993438 , 0.0065617
1574.79 , 0.993692 , 0.00630798
1575.29 , 0.993931 , 0.00606897
1575.79 , 0.994156 , 0.00584356
1576.29 , 0.994369 , 0.00563073
1576.79 , 0.99457 , 0.00542957
1577.29 , 0.994761 , 0.00523924
1577.79 , 0.994941 , 0.00505897
1578.29 , 0.995112 , 0.00488807
1578.79 , 0.995274 , 0.00472589
1579.29 , 0.995428 , 0.00457186
1579.79 , 0.995575 , 0.00442543
1580.29 , 0.995714 , 0.00428611
1580.79 , 0.995847 , 0.00415346
1581.29 , 0.995973 , 0.00402704
1581.79 , 0.996094 , 0.00390647
1582.29 , 0.996209 , 0.00379141
1582.79 , 0.996318 , 0.00368151
1583.29 , 0.996424 , 0.00357647
1583.79 , 0.996524 , 0.00347602
1584.29 , 0.99662 , 0.00337988
1584.79 , 0.996712 , 0.00328781
1585.29 , 0.9968 , 0.00319959
1585.79 , 0.996885 , 0.003115
1586.29 , 0.996966 , 0.00303384
1586.79 , 0.997044 , 0.00295594
1587.29 , 0.997119 , 0.00288112
1587.79 , 0.997191 , 0.00280922
1588.29 , 0.99726 , 0.00274009
1588.79 , 0.997326 , 0.00267358
1589.29 , 0.99739 , 0.00260957
1589.79 , 0.997452 , 0.00254794
1590.3 , 0.997511 , 0.00248856
1590.8 , 0.997569 , 0.00243133
1591.3 , 0.997624 , 0.00237615
1591.8 , 0.997677 , 0.00232291
1592.3 , 0.997728 , 0.00227153
1592.8 , 0.997778 , 0.00222193
1593.3 , 0.997826 , 0.00217401
1593.8 , 0.997872 , 0.00212771
1594.3 , 0.997917 , 0.00208296
1594.8 , 0.99796 , 0.00203967
1595.3 , 0.998002 , 0.0019978
1595.8 , 0.998043 , 0.00195728
1596.3 , 0.998082 , 0.00191805
1596.8 , 0.99812 , 0.00188006
1597.3 , 0.998157 , 0.00184326
1597.8 , 0.998192 , 0.00180759
1598.3 , 0.998227 , 0.00177302
1598.8 , 0.998261 , 0.00173949
1599.3 , 0.998293 , 0.00170696
1599.8 , 0.998325 , 0.0016754
1600.3 , 0.998355 , 0.00164477
1600.8 , 0.998385 , 0.00161502
1601.3 , 0.998414 , 0.00158614
1601.8 , 0.998442 , 0.00155808
1602.3 , 0.998469 , 0.00153081
1602.8 , 0.998496 , 0.0015043
1603.3 , 0.998521 , 0.00147853
1603.8 , 0.998547 , 0.00145347
1604.3 , 0.998571 , 0.00142909
1604.8 , 0.998595 , 0.00140536
1605.3 , 0.998618 , 0.00138227
1605.8 , 0.99864 , 0.0013598
1606.3 , 0.998662 , 0.00133791
1606.8 , 0.998683 , 0.00131659
1607.3 , 0.998704 , 0.00129582
1607.8 , 0.998724 , 0.00127559
1608.3 , 0.998744 , 0.00125586
1608.8 , 0.998763 , 0.00123664
1609.3 , 0.998782 , 0.00121789
1609.8 , 0.9988 , 0.0011996
1610.31 , 0.998818 , 0.00118177
1610.81 , 0.998836 , 0.00116436
1611.31 , 0.998853 , 0.00114738
1611.81 , 0.998869 , 0.00113081
1612.31 , 0.998885 , 0.00111463
1612.81 , 0.998901 , 0.00109882
1613.31 , 0.998917 , 0.00108339
1613.81 , 0.998932 , 0.00106832
1614.31 , 0.998946 , 0.00105359
1614.81 , 0.998961 , 0.0010392
1615.31 , 0.998975 , 0.00102514
1615.81 , 0.998989 , 0.00101139
1616.31 , 0.999002 , 0.000997949
1616.81 , 0.999015 , 0.000984806
1617.31 , 0.999028 , 0.000971952
1617.81 , 0.999041 , 0.000959379
1618.31 , 0.999053 , 0.000947078
1618.81 , 0.999065 , 0.000935042
1619.31 , 0.999077 , 0.000923264
1619.81 , 0.999088 , 0.000911735
1620.31 , 0.9991 , 0.00090045
1620.81 , 0.999111 , 0.0008894
1621.31 , 0.999121 , 0.000878581
1621.81 , 0.999132 , 0.000867984
1622.31 , 0.999142 , 0.000857605
1622.81 , 0.999153 , 0.000847437
1623.31 , 0.999163 , 0.000837475
1623.81 , 0.999172 , 0.000827713
1624.31 , 0.999182 , 0.000818146
1624.81 , 0.999191 , 0.000808769
1625.31 , 0.9992 , 0.000799576
1625.81 , 0.999209 , 0.000790563
1626.31 , 0.999218 , 0.000781726
1626.81 , 0.999227 , 0.00077306
1627.31 , 0.999235 , 0.000764559
1627.81 , 0.999244 , 0.000756221
1628.31 , 0.999252 , 0.000748042
1628.81 , 0.99926 , 0.000740016
1629.31 , 0.999268 , 0.000732141
1629.81 , 0.999276 , 0.000724412
1630.32 , 0.999283 , 0.000716827
1630.82 , 0.999291 , 0.000709381
1631.32 , 0.999298 , 0.000702071
1631.82 , 0.999305 , 0.000694894
1632.32 , 0.999312 , 0.000687847
1632.82 , 0.999319 , 0.000680926
1633.32 , 0.999326 , 0.000674129
1633.82 , 0.999333 , 0.000667453
1634.32 , 0.999339 , 0.000660894
1634.82 , 0.999346 , 0.000654451
1635.32 , 0.999352 , 0.00064812
1635.82 , 0.999358 , 0.0006419
1636.32 , 0.999364 , 0.000635786
1636.82 , 0.99937 , 0.000629778
1637.32 , 0.999376 , 0.000623873
1637.82 , 0.999382 , 0.000618067
1638.32 , 0.999388 , 0.00061236
1638.82 , 0.999393 , 0.000606749
1639.32 , 0.999399 , 0.000601231
1639.82 , 0.999404 , 0.000595805
1640.32 , 0.99941 , 0.000590469
1640.82 , 0.999415 , 0.000585221
1641.32 , 0.99942 , 0.000580059
1641.82 , 0.999425 , 0.000574981
1642.32 , 0.99943 , 0.000569985
1642.82 , 0.999435 , 0.00056507
1643.32 , 0.99944 , 0.000560233
1643.82 , 0.999445 , 0.000555474
1644.32 , 0.999449 , 0.00055079
1644.82 , 0.999454 , 0.000546181
1645.32 , 0.999458 , 0.000541644
1645.82 , 0.999463 , 0.000537178
1646.32 , 0.999467 , 0.000532781
1646.82 , 0.999472 , 0.000528453
1647.32 , 0.999476 , 0.000524191
1647.82 , 0.99948 , 0.000519995
1648.32 , 0.999484 , 0.000515863
1648.82 , 0.999488 , 0.000511794
1649.32 , 0.999492 , 0.000507787
1649.82 , 0.999496 , 0.00050384
1650.33 , 0.9995 , 0.000499953
1650.83 , 0.999504 , 0.000496123
1651.33 , 0.999508 , 0.00049235
1651.83 , 0.999511 , 0.000488634
1652.33 , 0.999515 , 0.000484972
1652.83 , 0.999519 , 0.000481364
1653.33 , 0.999522 , 0.000477808
1653.83 , 0.999526 , 0.000474305
1654.33 , 0.999529 , 0.000470852
1654.83 , 0.999533 , 0.000467449
1655.33 , 0.999536 , 0.000464095
1655.83 , 0.999539 , 0.000460789
1656.33 , 0.999542 , 0.00045753
1656.83 , 0.999546 , 0.000454317
1657.33 , 0.999549 , 0.00045115
1657.83 , 0.999552 , 0.000448028
1658.33 , 0.999555 , 0.000444949
1658.83 , 0.999558 , 0.000441913
1659.33 , 0.999561 , 0.00043892
1659.83 , 0.999564 , 0.000435968
1660.33 , 0.999567 , 0.000433056
1660.83 , 0.99957 , 0.000430185
1661.33 , 0.999573 , 0.000427354
1661.83 , 0.999575 , 0.00042456
1662.33 , 0.999578 , 0.000421805
1662.83 , 0.999581 , 0.000419087
1663.33 , 0.999584 , 0.000416406
1663.83 , 0.999586 , 0.000413761
1664.33 , 0.999589 , 0.000411152
1664.83 , 0.999591 , 0.000408577
1665.33 , 0.999594 , 0.000406037
1665.83 , 0.999596 , 0.00040353
1666.33 , 0.999599 , 0.000401056
1666.83 , 0.999601 , 0.000398615
1667.33 , 0.999604 , 0.000396206
1667.83 , 0.999606 , 0.000393829
1668.33 , 0.999609 , 0.000391482
1668.83 , 0.999611 , 0.000389166
1669.33 , 0.999613 , 0.000386881
1669.83 , 0.999615 , 0.000384624
1670.34 , 0.999618 , 0.000382397
1670.84 , 0.99962 , 0.000380198
1671.34 , 0.999622 , 0.000378027
1671.84 , 0.999624 , 0.000375884
1672.34 , 0.999626 , 0.000373769
1672.84 , 0.999628 , 0.00037168
1673.34 , 0.99963 , 0.000369617
1673.84 , 0.999632 , 0.000367581
1674.34 , 0.999634 , 0.00036557
1674.84 , 0.999636 , 0.000363584
1675.34 , 0.999638 , 0.000361623
1675.84 , 0.99964 , 0.000359687
1676.34 , 0.999642 , 0.000357774
1676.84 , 0.999644 , 0.000355885
1677.34 , 0.999646 , 0.00035402
1677.84 , 0.999648 , 0.000352177
1678.34 , 0.99965 , 0.000350357
1678.84 , 0.999651 , 0.00034856
1679.34 , 0.999653 , 0.000346784
1679.84 , 0.999655 , 0.00034503
1680.34 , 0.999657 , 0.000343298
1680.84 , 0.999658 , 0.000341586
1681.34 , 0.99966 , 0.000339895
1681.84 , 0.999662 , 0.000338224
1682.34 , 0.999663 , 0.000336574
1682.84 , 0.999665 , 0.000334943
1683.34 , 0.999667 , 0.000333332
1683.84 , 0.999668 , 0.000331741
1684.34 , 0.99967 , 0.000330168
1684.84 , 0.999671 , 0.000328614
1685.34 , 0.999673 , 0.000327078
1685.84 , 0.999674 , 0.000325561
1686.34 , 0.999676 , 0.000324061
1686.84 , 0.999677 , 0.000322579
1687.34 , 0.999679 , 0.000321115
1687.84 , 0.99968 , 0.000319668
1688.34 , 0.999682 , 0.000318238
1688.84 , 0.999683 , 0.000316824
1689.34 , 0.999685 , 0.000315427
1689.84 , 0.999686 , 0.000314047
1690.35 , 0.999687 , 0.000312682
1690.85 , 0.999689 , 0.000311333
1691.35 , 0.99969 , 0.00031
1691.85 , 0.999691 , 0.000308683
1692.35 , 0.999693 , 0.00030738
1692.85 , 0.999694 , 0.000306093
1693.35 , 0.999695 , 0.000304821
1693.85 , 0.999696 , 0.000303563
1694.35 , 0.999698 , 0.000302319
1694.85 , 0.999699 , 0.00030109
1695.35 , 0.9997 , 0.000299875
1695.85 , 0.999701 , 0.000298674
1696.35 , 0.999703 , 0.000297486
1696.85 , 0.999704 , 0.000296313
1697.35 , 0.999705 , 0.000295152
1697.85 , 0.999706 , 0.000294005
1698.35 , 0.999707 , 0.00029287
1698.85 , 0.999708 , 0.000291749
1699.35 , 0.999709 , 0.00029064
1699.85 , 0.99971 , 0.000289544
1700.35 , 0.999712 , 0.000288461
1700.85 , 0.999713 , 0.000287389
1701.35 , 0.999714 , 0.00028633
1701.85 , 0.999715 , 0.000285282
1702.35 , 0.999716 , 0.000284247
1702.85 , 0.999717 , 0.000283223
1703.35 , 0.999718 , 0.00028221
1703.85 , 0.999719 , 0.000281209
1704.35 , 0.99972 , 0.00028022
1704.85 , 0.999721 , 0.000279241
1705.35 , 0.999722 , 0.000278274
1705.85 , 0.999723 , 0.000277317
1706.35 , 0.999724 , 0.000276371
1706.85 , 0.999725 , 0.000275435
1707.35 , 0.999725 , 0.00027451
1707.85 , 0.999726 , 0.000273596
1708.35 , 0.999727 , 0.000272692
1708.85 , 0.999728 , 0.000271797
1709.35 , 0.999729 , 0.000270913
1709.85 , 0.99973 , 0.000270039
1710.36 , 0.999731 , 0.000269175
1710.86 , 0.999732 , 0.00026832
1711.36 , 0.999733 , 0.000267475
1711.86 , 0.999733 , 0.000266639
1712.36 , 0.999734 , 0.000265812
1712.86 , 0.999735 , 0.000264995
1713.36 , 0.999736 , 0.000264187
1713.86 , 0.999737 , 0.000263388
1714.36 , 0.999737 , 0.000262598
1714.86 , 0.999738 , 0.000261817
1715.36 , 0.999739 , 0.000261045
1715.86 , 0.99974 , 0.000260281
1716.36 , 0.99974 , 0.000259526
1716.86 , 0.999741 , 0.00025878
1717.36 , 0.999742 , 0.000258042
1717.86 , 0.999743 , 0.000257312
1718.36 , 0.999743 , 0.00025659
1718.86 , 0.999744 , 0.000255877
1719.36 , 0.999745 , 0.000255171
1719.86 , 0.999746 , 0.000254474
1720.36 , 0.999746 , 0.000253784
1720.86 , 0.999747 , 0.000253102
1721.36 , 0.999748 , 0.000252428
1721.86 , 0.999748 , 0.000251762
1722.36 , 0.999749 , 0.000251103
1722.86 , 0.99975 , 0.000250452
1723.36 , 0.99975 , 0.000249808
1723.86 , 0.999751 , 0.000249171
1724.36 , 0.999751 , 0.000248542
1724.86 , 0.999752 , 0.00024792
1725.36 , 0.999753 , 0.000247305
1725.86 , 0.999753 , 0.000246697
1726.36 , 0.999754 , 0.000246096
1726.86 , 0.999754 , 0.000245502
1727.36 , 0.999755 , 0.000244915
1727.86 , 0.999756 , 0.000244335
1728.36 , 0.999756 , 0.000243761
1728.86 , 0.999757 , 0.000243195
1729.36 , 0.999757 , 0.000242634
1729.86 , 0.999758 , 0.000242081
1730.37 , 0.999758 , 0.000241533
1730.87 , 0.999759 , 0.000240993
1731.37 , 0.99976 , 0.000240458
1731.87 , 0.99976 , 0.00023993
1732.37 , 0.999761 , 0.000239408
1732.87 , 0.999761 , 0.000238893
1733.37 , 0.999762 , 0.000238383
1733.87 , 0.999762 , 0.00023788
1734.37 , 0.999763 , 0.000237382
1734.87 , 0.999763 , 0.000236891
1735.37 , 0.999764 , 0.000236405
1735.87 , 0.999764 , 0.000235926
1736.37 , 0.999765 , 0.000235452
1736.87 , 0.999765 , 0.000234984
1737.37 , 0.999765 , 0.000234522
1737.87 , 0.999766 , 0.000234065
1738.37 , 0.999766 , 0.000233614
1738.87 , 0.999767 , 0.000233169
1739.37 , 0.999767 , 0.000232729
1739.87 , 0.999768 , 0.000232295
1740.37 , 0.999768 , 0.000231866
1740.87 , 0.999769 , 0.000231442
1741.37 , 0.999769 , 0.000231024
1741.87 , 0.999769 , 0.000230611
1742.37 , 0.99977 , 0.000230204
1742.87 , 0.99977 , 0.000229801
1743.37 , 0.999771 , 0.000229404
1743.87 , 0.999771 , 0.000229012
1744.37 , 0.999771 , 0.000228625
1744.87 , 0.999772 , 0.000228243
1745.37 , 0.999772 , 0.000227867
1745.87 , 0.999773 , 0.000227495
1746.37 , 0.999773 , 0.000227128
1746.87 , 0.999773 , 0.000226766
1747.37 , 0.999774 , 0.000226409
1747.87 , 0.999774 , 0.000226056
1748.37 , 0.999774 , 0.000225709
1748.87 , 0.999775 , 0.000225366
1749.37 , 0.999775 , 0.000225028
1749.87 , 0.999775 , 0.000224695
1750.38 , 0.999776 , 0.000224366
1750.88 , 0.999776 , 0.000224042
1751.38 , 0.999776 , 0.000223723
1751.88 , 0.999777 , 0.000223408
1752.38 , 0.999777 , 0.000223098
1752.88 , 0.999777 , 0.000222792
1753.38 , 0.999778 , 0.00022249
1753.88 , 0.999778 , 0.000222193
1754.38 , 0.999778 , 0.000221901
1754.88 , 0.999778 , 0.000221613
1755.38 , 0.999779 , 0.000221329
1755.88 , 0.999779 , 0.00022105
1756.38 , 0.999779 , 0.000220774
1756.88 , 0.999779 , 0.000220503
1757.38 , 0.99978 , 0.000220237
1757.88 , 0.99978 , 0.000219974
1758.38 , 0.99978 , 0.000219716
1758.88 , 0.999781 , 0.000219462
1759.38 , 0.999781 , 0.000219212
1759.88 , 0.999781 , 0.000218966
1760.38 , 0.999781 , 0.000218724
1760.88 , 0.999782 , 0.000218486
1761.38 , 0.999782 , 0.000218252
1761.88 , 0.999782 , 0.000218022
1762.38 , 0.999782 , 0.000217796
1762.88 , 0.999782 , 0.000217575
1763.38 , 0.999783 , 0.000217357
1763.88 , 0.999783 , 0.000217142
1764.38 , 0.999783 , 0.000216932
1764.88 , 0.999783 , 0.000216726
1765.38 , 0.999783 , 0.000216523
1765.88 , 0.999784 , 0.000216325
1766.38 , 0.999784 , 0.00021613
1766.88 , 0.999784 , 0.000215939
1767.38 , 0.999784 , 0.000215751
1767.88 , 0.999784 , 0.000215568
1768.38 , 0.999785 , 0.000215388
1768.88 , 0.999785 , 0.000215212
1769.38 , 0.999785 , 0.000215039
1769.88 , 0.999785 , 0.00021487
1770.39 , 0.999785 , 0.000214705
1770.89 , 0.999785 , 0.000214543
1771.39 , 0.999786 , 0.000214385
1771.89 , 0.999786 , 0.000214231
1772.39 , 0.999786 , 0.00021408
1772.89 , 0.999786 , 0.000213932
1773.39 , 0.999786 , 0.000213789
1773.89 , 0.999786 , 0.000213648
1774.39 , 0.999786 , 0.000213511
1774.89 , 0.999787 , 0.000213378
1775.39 , 0.999787 , 0.000213248
1775.89 , 0.999787 , 0.000213122
1776.39 , 0.999787 , 0.000212999
1776.89 , 0.999787 , 0.000212879
1777.39 , 0.999787 , 0.000212763
1777.89 , 0.999787 , 0.00021265
1778.39 , 0.999787 , 0.00021254
1778.89 , 0.999788 , 0.000212434
1779.39 , 0.999788 , 0.000212331
1779.89 , 0.999788 , 0.000212232
1780.39 , 0.999788 , 0.000212136
1780.89 , 0.999788 , 0.000212043
1781.39 , 0.999788 , 0.000211953
1781.89 , 0.999788 , 0.000211867
1782.39 , 0.999788 , 0.000211784
1782.89 , 0.999788 , 0.000211704
1783.39 , 0.999788 , 0.000211627
1783.89 , 0.999788 , 0.000211554
1784.39 , 0.999789 , 0.000211484
1784.89 , 0.999789 , 0.000211417
1785.39 , 0.999789 , 0.000211353
1785.89 , 0.999789 , 0.000211293
1786.39 , 0.999789 , 0.000211235
1786.89 , 0.999789 , 0.000211181
1787.39 , 0.999789 , 0.00021113
1787.89 , 0.999789 , 0.000211082
1788.39 , 0.999789 , 0.000211037
1788.89 , 0.999789 , 0.000210995
1789.39 , 0.999789 , 0.000210956
1789.89 , 0.999789 , 0.000210921
1790.4 , 0.999789 , 0.000210888
1790.9 , 0.999789 , 0.000210859
1791.4 , 0.999789 , 0.000210832
1791.9 , 0.999789 , 0.000210809
1792.4 , 0.999789 , 0.000210789
1792.9 , 0.999789 , 0.000210772
1793.4 , 0.999789 , 0.000210757
1793.9 , 0.999789 , 0.000210746
1794.4 , 0.999789 , 0.000210738
1794.9 , 0.999789 , 0.000210733
1795.4 , 0.999789 , 0.000210731
1795.9 , 0.999789 , 0.000210731
1796.4 , 0.999789 , 0.000210735
1796.9 , 0.999789 , 0.000210742
1797.4 , 0.999789 , 0.000210752
1797.9 , 0.999789 , 0.000210764
1798.4 , 0.999789 , 0.00021078
1798.9 , 0.999789 , 0.000210799
1799.4 , 0.999789 , 0.00021082
1799.9 , 0.999789 , 0.000210845
1800.4 , 0.999789 , 0.000210872
1800.9 , 0.999789 , 0.000210902
1801.4 , 0.999789 , 0.000210935
1801.9 , 0.999789 , 0.000210972
1802.4 , 0.999789 , 0.000211011
1802.9 , 0.999789 , 0.000211053
1803.4 , 0.999789 , 0.000211097
1803.9 , 0.999789 , 0.000211145
1804.4 , 0.999789 , 0.000211196
1804.9 , 0.999789 , 0.000211249
1805.4 , 0.999789 , 0.000211306
1805.9 , 0.999789 , 0.000211365
1806.4 , 0.999789 , 0.000211427
1806.9 , 0.999789 , 0.000211492
1807.4 , 0.999788 , 0.00021156
1807.9 , 0.999788 , 0.000211631
1808.4 , 0.999788 , 0.000211704
1808.9 , 0.999788 , 0.000211781
1809.4 , 0.999788 , 0.00021186
1809.9 , 0.999788 , 0.000211942
1810.41 , 0.999788 , 0.000212027
1810.91 , 0.999788 , 0.000212115
1811.41 , 0.999788 , 0.000212205
1811.91 , 0.999788 , 0.000212299
1812.41 , 0.999788 , 0.000212395
1812.91 , 0.999788 , 0.000212494
1813.41 , 0.999787 , 0.000212596
1813.91 , 0.999787 , 0.000212701
1814.41 , 0.999787 , 0.000212808
1814.91 , 0.999787 , 0.000212919
1815.41 , 0.999787 , 0.000213032
1815.91 , 0.999787 , 0.000213148
1816.41 , 0.999787 , 0.000213267
1816.91 , 0.999787 , 0.000213389
1817.41 , 0.999786 , 0.000213513
1817.91 , 0.999786 , 0.00021364
1818.41 , 0.999786 , 0.00021377
1818.91 , 0.999786 , 0.000213903
1819.41 , 0.999786 , 0.000214039
1819.91 , 0.999786 , 0.000214178
1820.41 , 0.999786 , 0.000214319
1820.91 , 0.999786 , 0.000214463
1821.41 , 0.999785 , 0.00021461
1821.91 , 0.999785 , 0.00021476
1822.41 , 0.999785 , 0.000214913
1822.91 , 0.999785 , 0.000215068
1823.41 , 0.999785 , 0.000215226
1823.91 , 0.999785 , 0.000215387
1824.41 , 0.999784 , 0.000215551
1824.91 , 0.999784 , 0.000215718
1825.41 , 0.999784 , 0.000215887
1825.91 , 0.999784 , 0.000216059
1826.41 , 0.999784 , 0.000216235
1826.91 , 0.999784 , 0.000216412
1827.41 , 0.999783 , 0.000216593
1827.91 , 0.999783 , 0.000216777
1828.41 , 0.999783 , 0.000216963
1828.91 , 0.999783 , 0.000217152
1829.41 , 0.999783 , 0.000217344
1829.91 , 0.999782 , 0.000217539
1830.42 , 0.999782 , 0.000217737
1830.92 , 0.999782 , 0.000217938
1831.42 , 0.999782 , 0.000218141
1831.92 , 0.999782 , 0.000218347
1832.42 , 0.999781 , 0.000218556
1832.92 , 0.999781 , 0.000218768
1833.42 , 0.999781 , 0.000218983
1833.92 , 0.999781 , 0.000219201
1834.42 , 0.999781 , 0.000219421
1834.92 , 0.99978 , 0.000219644
1835.42 , 0.99978 , 0.000219871
1835.92 , 0.99978 , 0.0002201
1836.42 , 0.99978 , 0.000220332
1836.92 , 0.999779 , 0.000220566
1837.42 , 0.999779 , 0.000220804
1837.92 , 0.999779 , 0.000221045
1838.42 , 0.999779 , 0.000221288
1838.92 , 0.999778 , 0.000221534
1839.42 , 0.999778 , 0.000221784
1839.92 , 0.999778 , 0.000222036
1840.42 , 0.999778 , 0.000222291
1840.92 , 0.999777 , 0.000222549
1841.42 , 0.999777 , 0.00022281
1841.92 , 0.999777 , 0.000223073
1842.42 , 0.999777 , 0.00022334
1842.92 , 0.999776 , 0.00022361
1843.42 , 0.999776 , 0.000223882
1843.92 , 0.999776 , 0.000224158
1844.42 , 0.999776 , 0.000224436
1844.92 , 0.999775 , 0.000224718
1845.42 , 0.999775 , 0.000225002
1845.92 , 0.999775 , 0.000225289
1846.42 , 0.999774 , 0.000225579
1846.92 , 0.999774 , 0.000225873
1847.42 , 0.999774 , 0.000226169
1847.92 , 0.999774 , 0.000226468
1848.42 , 0.999773 , 0.00022677
1848.92 , 0.999773 , 0.000227076
1849.42 , 0.999773 , 0.000227384
1849.92 , 0.999772 , 0.000227695
1850.43 , 0.999772 , 0.000228009
1850.93 , 0.999772 , 0.000228327
1851.43 , 0.999771 , 0.000228647
1851.93 , 0.999771 , 0.00022897
1852.43 , 0.999771 , 0.000229297
1852.93 , 0.99977 , 0.000229626
1853.43 , 0.99977 , 0.000229959
1853.93 , 0.99977 , 0.000230294
1854.43 , 0.999769 , 0.000230633
1854.93 , 0.999769 , 0.000230975
1855.43 , 0.999769 , 0.00023132
1855.93 , 0.999768 , 0.000231668
1856.43 , 0.999768 , 0.000232019
1856.93 , 0.999768 , 0.000232373
1857.43 , 0.999767 , 0.00023273
1857.93 , 0.999767 , 0.000233091
1858.43 , 0.999767 , 0.000233455
1858.93 , 0.999766 , 0.000233821
1859.43 , 0.999766 , 0.000234191
1859.93 , 0.999765 , 0.000234565
1860.43 , 0.999765 , 0.000234941
1860.93 , 0.999765 , 0.000235321
1861.43 , 0.999764 , 0.000235703
1861.93 , 0.999764 , 0.000236089
1862.43 , 0.999764 , 0.000236478
1862.93 , 0.999763 , 0.000236871
1863.43 , 0.999763 , 0.000237267
1863.93 , 0.999762 , 0.000237666
1864.43 , 0.999762 , 0.000238068
1864.93 , 0.999762 , 0.000238473
1865.43 , 0.999761 , 0.000238882
1865.93 , 0.999761 , 0.000239294
1866.43 , 0.99976 , 0.00023971
1866.93 , 0.99976 , 0.000240128
1867.43 , 0.999759 , 0.00024055
1867.93 , 0.999759 , 0.000240976
1868.43 , 0.999759 , 0.000241405
1868.93 , 0.999758 , 0.000241837
1869.43 , 0.999758 , 0.000242272
1869.93 , 0.999757 , 0.000242711
1870.44 , 0.999757 , 0.000243153
1870.94 , 0.999756 , 0.000243599
1871.44 , 0.999756 , 0.000244048
1871.94 , 0.999755 , 0.000244501
1872.44 , 0.999755 , 0.000244957
1872.94 , 0.999755 , 0.000245417
1873.44 , 0.999754 , 0.00024588
1873.94 , 0.999754 , 0.000246346
1874.44 , 0.999753 , 0.000246816
1874.94 , 0.999753 , 0.00024729
1875.44 , 0.999752 , 0.000247767
1875.94 , 0.999752 , 0.000248247
1876.44 , 0.999751 , 0.000248731
1876.94 , 0.999751 , 0.000249219
1877.44 , 0.99975 , 0.000249711
1877.94 , 0.99975 , 0.000250206
1878.44 , 0.999749 , 0.000250704
1878.94 , 0.999749 , 0.000251206
1879.44 , 0.999748 , 0.000251712
1879.94 , 0.999748 , 0.000252222
1880.44 , 0.999747 , 0.000252735
1880.94 , 0.999747 , 0.000253252
1881.44 , 0.999746 , 0.000253772
1881.94 , 0.999746 , 0.000254296
1882.44 , 0.999745 , 0.000254825
1882.94 , 0.999745 , 0.000255356
1883.44 , 0.999744 , 0.000255892
1883.94 , 0.999744 , 0.000256431
1884.44 , 0.999743 , 0.000256974
1884.94 , 0.999742 , 0.000257521
1885.44 , 0.999742 , 0.000258072
1885.94 , 0.999741 , 0.000258627
1886.44 , 0.999741 , 0.000259185
1886.94 , 0.99974 , 0.000259748
1887.44 , 0.99974 , 0.000260314
1887.94 , 0.999739 , 0.000260884
1888.44 , 0.999739 , 0.000261458
1888.94 , 0.999738 , 0.000262036
1889.44 , 0.999737 , 0.000262618
1889.94 , 0.999737 , 0.000263204
1890.45 , 0.999736 , 0.000263794
1890.95 , 0.999736 , 0.000264388
1891.45 , 0.999735 , 0.000264987
1891.95 , 0.999734 , 0.000265589
1892.45 , 0.999734 , 0.000266195
1892.95 , 0.999733 , 0.000266805
1893.45 , 0.999733 , 0.00026742
1893.95 , 0.999732 , 0.000268038
1894.45 , 0.999731 , 0.000268661
1894.95 , 0.999731 , 0.000269288
1895.45 , 0.99973 , 0.000269919
1895.95 , 0.999729 , 0.000270554
1896.45 , 0.999729 , 0.000271194
1896.95 , 0.999728 , 0.000271838
1897.45 , 0.999728 , 0.000272486
1897.95 , 0.999727 , 0.000273138
1898.45 , 0.999726 , 0.000273795
1898.95 , 0.999726 , 0.000274456
1899.45 , 0.999725 , 0.000275121
1899.95 , 0.999724 , 0.000275791
1900.45 , 0.999724 , 0.000276465
1900.95 , 0.999723 , 0.000277144
1901.45 , 0.999722 , 0.000277827
1901.95 , 0.999721 , 0.000278514
1902.45 , 0.999721 , 0.000279206
1902.95 , 0.99972 , 0.000279903
1903.45 , 0.999719 , 0.000280604
1903.95 , 0.999719 , 0.00028131
1904.45 , 0.999718 , 0.00028202
1904.95 , 0.999717 , 0.000282734
1905.45 , 0.999717 , 0.000283454
1905.95 , 0.999716 , 0.000284178
1906.45 , 0.999715 , 0.000284907
1906.95 , 0.999714 , 0.00028564
1907.45 , 0.999714 , 0.000286378
1907.95 , 0.999713 , 0.000287121
1908.45 , 0.999712 , 0.000287869
1908.95 , 0.999711 , 0.000288621
1909.45 , 0.999711 , 0.000289378
1909.95 , 0.99971 , 0.00029014
1910.46 , 0.999709 , 0.000290907
1910.96 , 0.999708 , 0.000291679
1911.46 , 0.999708 , 0.000292456
1911.96 , 0.999707 , 0.000293237
1912.46 , 0.999706 , 0.000294024
1912.96 , 0.999705 , 0.000294816
1913.46 , 0.999704 , 0.000295612
1913.96 , 0.999704 , 0.000296414
1914.46 , 0.999703 , 0.000297221
1914.96 , 0.999702 , 0.000298033
1915.46 , 0.999701 , 0.00029885
1915.96 , 0.9997 , 0.000299672
1916.46 , 0.9997 , 0.0003005
1916.96 , 0.999699 , 0.000301332
1917.46 , 0.999698 , 0.00030217
1917.96 , 0.999697 , 0.000303013
1918.46 , 0.999696 , 0.000303862
1918.96 , 0.999695 , 0.000304715
1919.46 , 0.999694 , 0.000305574
1919.96 , 0.999694 , 0.000306439
1920.46 , 0.999693 , 0.000307309
1920.96 , 0.999692 , 0.000308184
1921.46 , 0.999691 , 0.000309065
1921.96 , 0.99969 , 0.000309951
1922.46 , 0.999689 , 0.000310843
1922.96 , 0.999688 , 0.000311741
1923.46 , 0.999687 , 0.000312644
1923.96 , 0.999686 , 0.000313553
1924.46 , 0.999686 , 0.000314467
1924.96 , 0.999685 , 0.000315387
1925.46 , 0.999684 , 0.000316313
1925.96 , 0.999683 , 0.000317244
1926.46 , 0.999682 , 0.000318182
1926.96 , 0.999681 , 0.000319125
1927.46 , 0.99968 , 0.000320074
1927.96 , 0.999679 , 0.000321029
1928.46 , 0.999678 , 0.00032199
1928.96 , 0.999677 , 0.000322957
1929.46 , 0.999676 , 0.00032393
1929.96 , 0.999675 , 0.000324908
1930.47 , 0.999674 , 0.000325893
1930.97 , 0.999673 , 0.000326884
1931.47 , 0.999672 , 0.000327882
1931.97 , 0.999671 , 0.000328885
1932.47 , 0.99967 , 0.000329894
1932.97 , 0.999669 , 0.00033091
1933.47 , 0.999668 , 0.000331932
1933.97 , 0.999667 , 0.000332961
1934.47 , 0.999666 , 0.000333996
1934.97 , 0.999665 , 0.000335037
1935.47 , 0.999664 , 0.000336084
1935.97 , 0.999663 , 0.000337138
1936.47 , 0.999662 , 0.000338199
1936.97 , 0.999661 , 0.000339266
1937.47 , 0.99966 , 0.00034034
1937.97 , 0.999659 , 0.00034142
1938.47 , 0.999657 , 0.000342507
1938.97 , 0.999656 , 0.000343601
1939.47 , 0.999655 , 0.000344701
1939.97 , 0.999654 , 0.000345808
1940.47 , 0.999653 , 0.000346923
1940.97 , 0.999652 , 0.000348043
1941.47 , 0.999651 , 0.000349171
1941.97 , 0.99965 , 0.000350306
1942.47 , 0.999649 , 0.000351448
1942.97 , 0.999647 , 0.000352597
1943.47 , 0.999646 , 0.000353753
1943.97 , 0.999645 , 0.000354916
1944.47 , 0.999644 , 0.000356086
1944.97 , 0.999643 , 0.000357263
1945.47 , 0.999642 , 0.000358448
1945.97 , 0.99964 , 0.00035964
1946.47 , 0.999639 , 0.000360839
1946.97 , 0.999638 , 0.000362046
1947.47 , 0.999637 , 0.00036326
1947.97 , 0.999636 , 0.000364482
1948.47 , 0.999634 , 0.000365711
1948.97 , 0.999633 , 0.000366948
1949.47 , 0.999632 , 0.000368192
1949.97 , 0.999631 , 0.000369444
1950.48 , 0.999629 , 0.000370704
1950.98 , 0.999628 , 0.000371971
1951.48 , 0.999627 , 0.000373247
1951.98 , 0.999625 , 0.00037453
1952.48 , 0.999624 , 0.000375821
1952.98 , 0.999623 , 0.00037712
1953.48 , 0.999622 , 0.000378427
1953.98 , 0.99962 , 0.000379742
1954.48 , 0.999619 , 0.000381065
1954.98 , 0.999618 , 0.000382397
1955.48 , 0.999616 , 0.000383737
1955.98 , 0.999615 , 0.000385084
1956.48 , 0.999614 , 0.000386441
1956.98 , 0.999612 , 0.000387805
1957.48 , 0.999611 , 0.000389178
1957.98 , 0.999609 , 0.00039056
1958.48 , 0.999608 , 0.00039195
1958.98 , 0.999607 , 0.000393349
1959.48 , 0.999605 , 0.000394756
1959.98 , 0.999604 , 0.000396172
1960.48 , 0.999602 , 0.000397597
1960.98 , 0.999601 , 0.000399031
1961.48 , 0.9996 , 0.000400473
1961.98 , 0.999598 , 0.000401925
1962.48 , 0.999597 , 0.000403385
1962.98 , 0.999595 , 0.000404855
1963.48 , 0.999594 , 0.000406333
1963.98 , 0.999592 , 0.000407821
1964.48 , 0.999591 , 0.000409318
1964.98 , 0.999589 , 0.000410825
1965.48 , 0.999588 , 0.00041234
1965.98 , 0.999586 , 0.000413865
1966.48 , 0.999585 , 0.0004154
1966.98 , 0.999583 , 0.000416944
1967.48 , 0.999582 , 0.000418498
1967.98 , 0.99958 , 0.000420061
1968.48 , 0.999578 , 0.000421634
1968.98 , 0.999577 , 0.000423217
1969.48 , 0.999575 , 0.00042481
1969.98 , 0.999574 , 0.000426413
1970.49 , 0.999572 , 0.000428025
1970.99 , 0.99957 , 0.000429648
1971.49 , 0.999569 , 0.000431281
1971.99 , 0.999567 , 0.000432924
1972.49 , 0.999565 , 0.000434577
1972.99 , 0.999564 , 0.000436241
1973.49 , 0.999562 , 0.000437915
1973.99 , 0.99956 , 0.0004396
1974.49 , 0.999559 , 0.000441295
1974.99 , 0.999557 , 0.000443001
1975.49 , 0.999555 , 0.000444717
1975.99 , 0.999554 , 0.000446444
1976.49 , 0.999552 , 0.000448182
1976.99 , 0.99955 , 0.000449931
1977.49 , 0.999548 , 0.000451691
1977.99 , 0.999547 , 0.000453462
1978.49 , 0.999545 , 0.000455244
1978.99 , 0.999543 , 0.000457037
1979.49 , 0.999541 , 0.000458842
1979.99 , 0.999539 , 0.000460657
1980.49 , 0.999538 , 0.000462485
1980.99 , 0.999536 , 0.000464324
1981.49 , 0.999534 , 0.000466174
1981.99 , 0.999532 , 0.000468036
1982.49 , 0.99953 , 0.00046991
1982.99 , 0.999528 , 0.000471796
1983.49 , 0.999526 , 0.000473693
1983.99 , 0.999524 , 0.000475603
1984.49 , 0.999522 , 0.000477525
1984.99 , 0.999521 , 0.000479459
1985.49 , 0.999519 , 0.000481405
1985.99 , 0.999517 , 0.000483363
1986.49 , 0.999515 , 0.000485334
1986.99 , 0.999513 , 0.000487317
1987.49 , 0.999511 , 0.000489313
1987.99 , 0.999509 , 0.000491322
1988.49 , 0.999507 , 0.000493344
1988.99 , 0.999505 , 0.000495378
1989.49 , 0.999503 , 0.000497425
1989.99 , 0.999501 , 0.000499485
1990.5 , 0.999498 , 0.000501559
1991 , 0.999496 , 0.000503646
1991.5 , 0.999494 , 0.000505746
1992 , 0.999492 , 0.000507859
1992.5 , 0.99949 , 0.000509986
1993 , 0.999488 , 0.000512127
1993.5 , 0.999486 , 0.000514281
1994 , 0.999484 , 0.000516449
1994.5 , 0.999481 , 0.000518631
1995 , 0.999479 , 0.000520827
1995.5 , 0.999477 , 0.000523037
1996 , 0.999475 , 0.000525261
1996.5 , 0.999473 , 0.0005275
1997 , 0.99947 , 0.000529753
1997.5 , 0.999468 , 0.00053202
1998 , 0.999466 , 0.000534302
1998.5 , 0.999463 , 0.000536599
1999 , 0.999461 , 0.000538911
1999.5 , 0.999459 , 0.000541237
2000 , 0.999456 , 0.000543579
