1450 , 0.665327 , 0.334673
1450.1 , 0.664858 , 0.335142
1450.2 , 0.664387 , 0.335613
1450.3 , 0.663916 , 0.336084
1450.4 , 0.663444 , 0.336556
1450.5 , 0.662972 , 0.337028
1450.6 , 0.662498 , 0.337502
1450.7 , 0.662024 , 0.337976
1450.8 , 0.661549 , 0.338451
1450.9 , 0.661073 , 0.338927
1451 , 0.660596 , 0.339404
1451.1 , 0.660119 , 0.339881
1451.2 , 0.659641 , 0.340359
1451.3 , 0.659162 , 0.340838
1451.4 , 0.658682 , 0.341318
1451.5 , 0.658201 , 0.341799
1451.6 , 0.65772 , 0.34228
1451.7 , 0.657238 , 0.342762
1451.8 , 0.656755 , 0.343245
1451.9 , 0.656271 , 0.343729
1452 , 0.655786 , 0.344214
1452.1 , 0.655301 , 0.344699
1452.2 , 0.654815 , 0.345185
1452.3 , 0.654328 , 0.345672
1452.4 , 0.65384 , 0.34616
1452.5 , 0.653351 , 0.346649
1452.6 , 0.652862 , 0.347138
1452.7 , 0.652371 , 0.347629
1452.8 , 0.65188 , 0.34812
1452.9 , 0.651388 , 0.348612
1453 , 0.650896 , 0.349104
1453.1 , 0.650402 , 0.349598
1453.2 , 0.649908 , 0.350092
1453.3 , 0.649413 , 0.350587
1453.4 , 0.648917 , 0.351083
1453.5 , 0.64842 , 0.35158
1453.6 , 0.647922 , 0.352078
1453.7 , 0.647424 , 0.352576
1453.8 , 0.646924 , 0.353076
1453.9 , 0.646424 , 0.353576
1454 , 0.645923 , 0.354077
1454.1 , 0.645422 , 0.354578
1454.2 , 0.644919 , 0.355081
1454.3 , 0.644416 , 0.355584
1454.4 , 0.643911 , 0.356089
1454.5 , 0.643406 , 0.356594
1454.6 , 0.6429 , 0.3571
1454.7 , 0.642394 , 0.357606
1454.8 , 0.641886 , 0.358114
1454.9 , 0.641378 , 0.358622
1455 , 0.640868 , 0.359132
1455.1 , 0.640358 , 0.359642
1455.2 , 0.639847 , 0.360153
1455.3 , 0.639335 , 0.360665
1455.4 , 0.638823 , 0.361177
1455.5 , 0.638309 , 0.361691
1455.6 , 0.637795 , 0.362205
1455.7 , 0.63728 , 0.36272
1455.8 , 0.636764 , 0.363236
1455.9 , 0.636247 , 0.363753
1456 , 0.635729 , 0.364271
1456.1 , 0.635211 , 0.364789
1456.2 , 0.634691 , 0.365309
1456.3 , 0.634171 , 0.365829
1456.4 , 0.63365 , 0.36635
1456.5 , 0.633128 , 0.366872
1456.6 , 0.632605 , 0.367395
1456.7 , 0.632082 , 0.367918
1456.8 , 0.631557 , 0.368443
1456.9 , 0.631032 , 0.368968
1457 , 0.630506 , 0.369494
1457.1 , 0.629979 , 0.370021
1457.2 , 0.629451 , 0.370549
1457.3 , 0.628922 , 0.371078
1457.4 , 0.628392 , 0.371608
1457.5 , 0.627862 , 0.372138
1457.6 , 0.62733 , 0.37267
1457.7 , 0.626798 , 0.373202
1457.8 , 0.626265 , 0.373735
1457.9 , 0.625731 , 0.374269
1458 , 0.625196 , 0.374804
1458.1 , 0.62466 , 0.37534
1458.2 , 0.624123 , 0.375877
1458.3 , 0.623586 , 0.376414
1458.4 , 0.623048 , 0.376952
1458.5 , 0.622508 , 0.377492
1458.6 , 0.621968 , 0.378032
1458.7 , 0.621427 , 0.378573
1458.8 , 0.620885 , 0.379115
1458.9 , 0.620343 , 0.379657
1459 , 0.619799 , 0.380201
1459.1 , 0.619255 , 0.380745
1459.2 , 0.618709 , 0.381291
1459.3 , 0.618163 , 0.381837
1459.4 , 0.617616 , 0.382384
1459.5 , 0.617068 , 0.382932
1459.6 , 0.616519 , 0.383481
1459.7 , 0.615969 , 0.384031
1459.8 , 0.615418 , 0.384582
1459.9 , 0.614867 , 0.385133
1460.01 , 0.614314 , 0.385686
1460.11 , 0.613761 , 0.386239
1460.21 , 0.613207 , 0.386793
1460.31 , 0.612652 , 0.387348
1460.41 , 0.612095 , 0.387905
1460.51 , 0.611539 , 0.388461
1460.61 , 0.610981 , 0.389019
1460.71 , 0.610422 , 0.389578
1460.81 , 0.609862 , 0.390138
1460.91 , 0.609302 , 0.390698
1461.01 , 0.60874 , 0.39126
1461.11 , 0.608178 , 0.391822
1461.21 , 0.607615 , 0.392385
1461.31 , 0.607051 , 0.392949
1461.41 , 0.606486 , 0.393514
1461.51 , 0.60592 , 0.39408
1461.61 , 0.605353 , 0.394647
1461.71 , 0.604785 , 0.395215
1461.81 , 0.604217 , 0.395783
1461.91 , 0.603647 , 0.396353
1462.01 , 0.603077 , 0.396923
1462.11 , 0.602505 , 0.397495
1462.21 , 0.601933 , 0.398067
1462.31 , 0.60136 , 0.39864
1462.41 , 0.600786 , 0.399214
1462.51 , 0.600211 , 0.399789
1462.61 , 0.599635 , 0.400365
1462.71 , 0.599058 , 0.400942
1462.81 , 0.59848 , 0.40152
1462.91 , 0.597902 , 0.402098
1463.01 , 0.597322 , 0.402678
1463.11 , 0.596742 , 0.403258
1463.21 , 0.59616 , 0.40384
1463.31 , 0.595578 , 0.404422
1463.41 , 0.594995 , 0.405005
1463.51 , 0.59441 , 0.40559
1463.61 , 0.593825 , 0.406175
1463.71 , 0.593239 , 0.406761
1463.81 , 0.592652 , 0.407348
1463.91 , 0.592065 , 0.407935
1464.01 , 0.591476 , 0.408524
1464.11 , 0.590886 , 0.409114
1464.21 , 0.590295 , 0.409705
1464.31 , 0.589704 , 0.410296
1464.41 , 0.589111 , 0.410889
1464.51 , 0.588518 , 0.411482
1464.61 , 0.587924 , 0.412076
1464.71 , 0.587328 , 0.412672
1464.81 , 0.586732 , 0.413268
1464.91 , 0.586135 , 0.413865
1465.01 , 0.585537 , 0.414463
1465.11 , 0.584938 , 0.415062
1465.21 , 0.584338 , 0.415662
1465.31 , 0.583737 , 0.416263
1465.41 , 0.583135 , 0.416865
1465.51 , 0.582532 , 0.417468
1465.61 , 0.581929 , 0.418071
1465.71 , 0.581324 , 0.418676
1465.81 , 0.580718 , 0.419282
1465.91 , 0.580112 , 0.419888
1466.01 , 0.579504 , 0.420496
1466.11 , 0.578896 , 0.421104
1466.21 , 0.578287 , 0.421713
1466.31 , 0.577676 , 0.422324
1466.41 , 0.577065 , 0.422935
1466.51 , 0.576453 , 0.423547
1466.61 , 0.57584 , 0.42416
1466.71 , 0.575226 , 0.424774
1466.81 , 0.574611 , 0.425389
1466.91 , 0.573995 , 0.426005
1467.01 , 0.573378 , 0.426622
1467.11 , 0.57276 , 0.42724
1467.21 , 0.572141 , 0.427859
1467.31 , 0.571522 , 0.428478
1467.41 , 0.570901 , 0.429099
1467.51 , 0.570279 , 0.429721
1467.61 , 0.569657 , 0.430343
1467.71 , 0.569033 , 0.430967
1467.81 , 0.568409 , 0.431591
1467.91 , 0.567783 , 0.432217
1468.01 , 0.567157 , 0.432843
1468.11 , 0.566529 , 0.433471
1468.21 , 0.565901 , 0.434099
1468.31 , 0.565272 , 0.434728
1468.41 , 0.564641 , 0.435359
1468.51 , 0.56401 , 0.43599
1468.61 , 0.563378 , 0.436622
1468.71 , 0.562745 , 0.437255
1468.81 , 0.562111 , 0.437889
1468.91 , 0.561476 , 0.438524
1469.01 , 0.56084 , 0.43916
1469.11 , 0.560203 , 0.439797
1469.21 , 0.559565 , 0.440435
1469.31 , 0.558926 , 0.441074
1469.41 , 0.558286 , 0.441714
1469.51 , 0.557646 , 0.442354
1469.61 , 0.557004 , 0.442996
1469.71 , 0.556361 , 0.443639
1469.81 , 0.555717 , 0.444283
1469.91 , 0.555073 , 0.444927
1470.01 , 0.554427 , 0.445573
1470.11 , 0.553781 , 0.446219
1470.21 , 0.553133 , 0.446867
1470.31 , 0.552484 , 0.447516
1470.41 , 0.551835 , 0.448165
1470.51 , 0.551185 , 0.448815
1470.61 , 0.550533 , 0.449467
1470.71 , 0.549881 , 0.450119
1470.81 , 0.549227 , 0.450773
1470.91 , 0.548573 , 0.451427
1471.01 , 0.547918 , 0.452082
1471.11 , 0.547262 , 0.452738
1471.21 , 0.546604 , 0.453396
1471.31 , 0.545946 , 0.454054
1471.41 , 0.545287 , 0.454713
1471.51 , 0.544627 , 0.455373
1471.61 , 0.543966 , 0.456034
1471.71 , 0.543304 , 0.456696
1471.81 , 0.542641 , 0.457359
1471.91 , 0.541977 , 0.458023
1472.01 , 0.541312 , 0.458688
1472.11 , 0.540646 , 0.459354
1472.21 , 0.539979 , 0.460021
1472.31 , 0.539311 , 0.460689
1472.41 , 0.538642 , 0.461358
1472.51 , 0.537972 , 0.462028
1472.61 , 0.537301 , 0.462699
1472.71 , 0.536629 , 0.463371
1472.81 , 0.535957 , 0.464043
1472.91 , 0.535283 , 0.464717
1473.01 , 0.534608 , 0.465392
1473.11 , 0.533932 , 0.466068
1473.21 , 0.533256 , 0.466744
1473.31 , 0.532578 , 0.467422
1473.41 , 0.531899 , 0.468101
1473.51 , 0.53122 , 0.46878
1473.61 , 0.530539 , 0.469461
1473.71 , 0.529858 , 0.470142
1473.81 , 0.529175 , 0.470825
1473.91 , 0.528492 , 0.471508
1474.01 , 0.527807 , 0.472193
1474.11 , 0.527122 , 0.472878
1474.21 , 0.526435 , 0.473565
1474.31 , 0.525748 , 0.474252
1474.41 , 0.525059 , 0.474941
1474.51 , 0.52437 , 0.47563
1474.61 , 0.52368 , 0.47632
1474.71 , 0.522988 , 0.477012
1474.81 , 0.522296 , 0.477704
1474.91 , 0.521603 , 0.478397
1475.01 , 0.520908 , 0.479092
1475.11 , 0.520213 , 0.479787
1475.21 , 0.519517 , 0.480483
1475.31 , 0.51882 , 0.48118
1475.41 , 0.518122 , 0.481878
1475.51 , 0.517423 , 0.482577
1475.61 , 0.516722 , 0.483278
1475.71 , 0.516021 , 0.483979
1475.81 , 0.515319 , 0.484681
1475.91 , 0.514616 , 0.485384
1476.01 , 0.513912 , 0.486088
1476.11 , 0.513207 , 0.486793
1476.21 , 0.512501 , 0.487499
1476.31 , 0.511794 , 0.488206
1476.41 , 0.511086 , 0.488914
1476.51 , 0.510377 , 0.489623
1476.61 , 0.509667 , 0.490333
1476.71 , 0.508957 , 0.491043
1476.81 , 0.508245 , 0.491755
1476.91 , 0.507532 , 0.492468
1477.01 , 0.506818 , 0.493182
1477.11 , 0.506103 , 0.493897
1477.21 , 0.505388 , 0.494612
1477.31 , 0.504671 , 0.495329
1477.41 , 0.503953 , 0.496047
1477.51 , 0.503235 , 0.496765
1477.61 , 0.502515 , 0.497485
1477.71 , 0.501794 , 0.498206
1477.81 , 0.501073 , 0.498927
1477.91 , 0.50035 , 0.49965
1478.01 , 0.499627 , 0.500373
1478.11 , 0.498902 , 0.501098
1478.21 , 0.498177 , 0.501823
1478.31 , 0.49745 , 0.50255
1478.41 , 0.496723 , 0.503277
1478.51 , 0.495995 , 0.504005
1478.61 , 0.495265 , 0.504735
1478.71 , 0.494535 , 0.505465
1478.81 , 0.493804 , 0.506196
1478.91 , 0.493071 , 0.506929
1479.01 , 0.492338 , 0.507662
1479.11 , 0.491604 , 0.508396
1479.21 , 0.490869 , 0.509131
1479.31 , 0.490133 , 0.509867
1479.41 , 0.489396 , 0.510604
1479.51 , 0.488658 , 0.511342
1479.61 , 0.487919 , 0.512081
1479.71 , 0.487179 , 0.512821
1479.81 , 0.486438 , 0.513562
1479.91 , 0.485696 , 0.514304
1480.02 , 0.484953 , 0.515047
1480.12 , 0.484209 , 0.515791
1480.22 , 0.483464 , 0.516536
1480.32 , 0.482719 , 0.517281
1480.42 , 0.481972 , 0.518028
1480.52 , 0.481224 , 0.518776
1480.62 , 0.480476 , 0.519524
1480.72 , 0.479726 , 0.520274
1480.82 , 0.478975 , 0.521025
1480.92 , 0.478224 , 0.521776
1481.02 , 0.477471 , 0.522529
1481.12 , 0.476718 , 0.523282
1481.22 , 0.475964 , 0.524036
1481.32 , 0.475208 , 0.524792
1481.42 , 0.474452 , 0.525548
1481.52 , 0.473695 , 0.526305
1481.62 , 0.472937 , 0.527063
1481.72 , 0.472178 , 0.527822
1481.82 , 0.471418 , 0.528582
1481.92 , 0.470657 , 0.529343
1482.02 , 0.469895 , 0.530105
1482.12 , 0.469132 , 0.530868
1482.22 , 0.468368 , 0.531632
1482.32 , 0.467603 , 0.532397
1482.42 , 0.466837 , 0.533163
1482.52 , 0.466071 , 0.533929
1482.62 , 0.465303 , 0.534697
1482.72 , 0.464535 , 0.535465
1482.82 , 0.463765 , 0.536235
1482.92 , 0.462995 , 0.537005
1483.02 , 0.462223 , 0.537777
1483.12 , 0.461451 , 0.538549
1483.22 , 0.460678 , 0.539322
1483.32 , 0.459904 , 0.540096
1483.42 , 0.459129 , 0.540871
1483.52 , 0.458353 , 0.541647
1483.62 , 0.457576 , 0.542424
1483.72 , 0.456798 , 0.543202
1483.82 , 0.456019 , 0.543981
1483.92 , 0.455239 , 0.544761
1484.02 , 0.454458 , 0.545542
1484.12 , 0.453677 , 0.546323
1484.22 , 0.452894 , 0.547106
1484.32 , 0.452111 , 0.547889
1484.42 , 0.451327 , 0.548673
1484.52 , 0.450541 , 0.549459
1484.62 , 0.449755 , 0.550245
1484.72 , 0.448968 , 0.551032
1484.82 , 0.44818 , 0.55182
1484.92 , 0.447391 , 0.552609
1485.02 , 0.446601 , 0.553399
1485.12 , 0.445811 , 0.554189
1485.22 , 0.445019 , 0.554981
1485.32 , 0.444227 , 0.555773
1485.42 , 0.443433 , 0.556567
1485.52 , 0.442639 , 0.557361
1485.62 , 0.441844 , 0.558156
1485.72 , 0.441047 , 0.558953
1485.82 , 0.44025 , 0.55975
1485.92 , 0.439452 , 0.560548
1486.02 , 0.438654 , 0.561346
1486.12 , 0.437854 , 0.562146
1486.22 , 0.437053 , 0.562947
1486.32 , 0.436252 , 0.563748
1486.42 , 0.435449 , 0.564551
1486.52 , 0.434646 , 0.565354
1486.62 , 0.433842 , 0.566158
1486.72 , 0.433037 , 0.566963
1486.82 , 0.432231 , 0.567769
1486.92 , 0.431424 , 0.568576
1487.02 , 0.430617 , 0.569383
1487.12 , 0.429808 , 0.570192
1487.22 , 0.428999 , 0.571001
1487.32 , 0.428188 , 0.571812
1487.42 , 0.427377 , 0.572623
1487.52 , 0.426565 , 0.573435
1487.62 , 0.425752 , 0.574248
1487.72 , 0.424938 , 0.575062
1487.82 , 0.424124 , 0.575876
1487.92 , 0.423308 , 0.576692
1488.02 , 0.422492 , 0.577508
1488.12 , 0.421675 , 0.578325
1488.22 , 0.420857 , 0.579143
1488.32 , 0.420038 , 0.579962
1488.42 , 0.419218 , 0.580782
1488.52 , 0.418398 , 0.581602
1488.62 , 0.417576 , 0.582424
1488.72 , 0.416754 , 0.583246
1488.82 , 0.415931 , 0.584069
1488.92 , 0.415107 , 0.584893
1489.02 , 0.414282 , 0.585718
1489.12 , 0.413457 , 0.586543
1489.22 , 0.41263 , 0.58737
1489.32 , 0.411803 , 0.588197
1489.42 , 0.410975 , 0.589025
1489.52 , 0.410146 , 0.589854
1489.62 , 0.409316 , 0.590684
1489.72 , 0.408486 , 0.591514
1489.82 , 0.407654 , 0.592346
1489.92 , 0.406822 , 0.593178
1490.02 , 0.405989 , 0.594011
1490.12 , 0.405156 , 0.594844
1490.22 , 0.404321 , 0.595679
1490.32 , 0.403486 , 0.596514
1490.42 , 0.402649 , 0.597351
1490.52 , 0.401813 , 0.598187
1490.62 , 0.400975 , 0.599025
1490.72 , 0.400136 , 0.599864
1490.82 , 0.399297 , 0.600703
1490.92 , 0.398457 , 0.601543
1491.02 , 0.397616 , 0.602384
1491.12 , 0.396774 , 0.603226
1491.22 , 0.395932 , 0.604068
1491.32 , 0.395088 , 0.604912
1491.42 , 0.394244 , 0.605756
1491.52 , 0.3934 , 0.6066
1491.62 , 0.392554 , 0.607446
1491.72 , 0.391708 , 0.608292
1491.82 , 0.390861 , 0.609139
1491.92 , 0.390013 , 0.609987
1492.02 , 0.389164 , 0.610836
1492.12 , 0.388315 , 0.611685
1492.22 , 0.387465 , 0.612535
1492.32 , 0.386614 , 0.613386
1492.42 , 0.385763 , 0.614237
1492.52 , 0.38491 , 0.61509
1492.62 , 0.384057 , 0.615943
1492.72 , 0.383204 , 0.616796
1492.82 , 0.382349 , 0.617651
1492.92 , 0.381494 , 0.618506
1493.02 , 0.380638 , 0.619362
1493.12 , 0.379782 , 0.620218
1493.22 , 0.378924 , 0.621076
1493.32 , 0.378066 , 0.621934
1493.42 , 0.377207 , 0.622793
1493.52 , 0.376348 , 0.623652
1493.62 , 0.375488 , 0.624512
1493.72 , 0.374627 , 0.625373
1493.82 , 0.373765 , 0.626235
1493.92 , 0.372903 , 0.627097
1494.02 , 0.37204 , 0.62796
1494.12 , 0.371177 , 0.628823
1494.22 , 0.370312 , 0.629688
1494.32 , 0.369447 , 0.630553
1494.42 , 0.368582 , 0.631418
1494.52 , 0.367715 , 0.632285
1494.62 , 0.366848 , 0.633152
1494.72 , 0.365981 , 0.634019
1494.82 , 0.365113 , 0.634887
1494.92 , 0.364244 , 0.635756
1495.02 , 0.363374 , 0.636626
1495.12 , 0.362504 , 0.637496
1495.22 , 0.361633 , 0.638367
1495.32 , 0.360762 , 0.639238
1495.42 , 0.359889 , 0.640111
1495.52 , 0.359017 , 0.640983
1495.62 , 0.358143 , 0.641857
1495.72 , 0.357269 , 0.642731
1495.82 , 0.356395 , 0.643605
1495.92 , 0.355519 , 0.644481
1496.02 , 0.354644 , 0.645356
1496.12 , 0.353767 , 0.646233
1496.22 , 0.35289 , 0.64711
1496.32 , 0.352013 , 0.647987
1496.42 , 0.351134 , 0.648866
1496.52 , 0.350256 , 0.649744
1496.62 , 0.349376 , 0.650624
1496.72 , 0.348496 , 0.651504
1496.82 , 0.347616 , 0.652384
1496.92 , 0.346735 , 0.653265
1497.02 , 0.345853 , 0.654147
1497.12 , 0.344971 , 0.655029
1497.22 , 0.344088 , 0.655912
1497.32 , 0.343205 , 0.656795
1497.42 , 0.342321 , 0.657679
1497.52 , 0.341436 , 0.658564
1497.62 , 0.340552 , 0.659448
1497.72 , 0.339666 , 0.660334
1497.82 , 0.33878 , 0.66122
1497.92 , 0.337894 , 0.662106
1498.02 , 0.337006 , 0.662994
1498.12 , 0.336119 , 0.663881
1498.22 , 0.335231 , 0.664769
1498.32 , 0.334342 , 0.665658
1498.42 , 0.333453 , 0.666547
1498.52 , 0.332564 , 0.667436
1498.62 , 0.331674 , 0.668326
1498.72 , 0.330783 , 0.669217
1498.82 , 0.329892 , 0.670108
1498.92 , 0.329001 , 0.670999
1499.02 , 0.328109 , 0.671891
1499.12 , 0.327216 , 0.672784
1499.22 , 0.326324 , 0.673676
1499.32 , 0.32543 , 0.67457
1499.42 , 0.324537 , 0.675463
1499.52 , 0.323642 , 0.676358
1499.62 , 0.322748 , 0.677252
1499.72 , 0.321853 , 0.678147
1499.82 , 0.320957 , 0.679043
1499.92 , 0.320061 , 0.679939
1500.03 , 0.319165 , 0.680835
1500.13 , 0.318268 , 0.681732
1500.23 , 0.317371 , 0.682629
1500.33 , 0.316474 , 0.683526
1500.43 , 0.315576 , 0.684424
1500.53 , 0.314677 , 0.685323
1500.63 , 0.313779 , 0.686221
1500.73 , 0.31288 , 0.68712
1500.83 , 0.31198 , 0.68802
1500.93 , 0.31108 , 0.68892
1501.03 , 0.31018 , 0.68982
1501.13 , 0.30928 , 0.69072
1501.23 , 0.308379 , 0.691621
1501.33 , 0.307478 , 0.692522
1501.43 , 0.306576 , 0.693424
1501.53 , 0.305674 , 0.694326
1501.63 , 0.304772 , 0.695228
1501.73 , 0.30387 , 0.69613
1501.83 , 0.302967 , 0.697033
1501.93 , 0.302064 , 0.697936
1502.03 , 0.30116 , 0.69884
1502.13 , 0.300257 , 0.699743
1502.23 , 0.299353 , 0.700647
1502.33 , 0.298449 , 0.701551
1502.43 , 0.297544 , 0.702456
1502.53 , 0.296639 , 0.703361
1502.63 , 0.295734 , 0.704266
1502.73 , 0.294829 , 0.705171
1502.83 , 0.293923 , 0.706077
1502.93 , 0.293017 , 0.706983
1503.03 , 0.292111 , 0.707889
1503.13 , 0.291205 , 0.708795
1503.23 , 0.290299 , 0.709701
1503.33 , 0.289392 , 0.710608
1503.43 , 0.288485 , 0.711515
1503.53 , 0.287578 , 0.712422
1503.63 , 0.286671 , 0.713329
1503.73 , 0.285763 , 0.714237
1503.83 , 0.284855 , 0.715145
1503.93 , 0.283948 , 0.716052
1504.03 , 0.283039 , 0.716961
1504.13 , 0.282131 , 0.717869
1504.23 , 0.281223 , 0.718777
1504.33 , 0.280314 , 0.719686
1504.43 , 0.279406 , 0.720594
1504.53 , 0.278497 , 0.721503
1504.63 , 0.277588 , 0.722412
1504.73 , 0.276679 , 0.723321
1504.83 , 0.27577 , 0.72423
1504.93 , 0.274861 , 0.725139
1505.03 , 0.273951 , 0.726049
1505.13 , 0.273042 , 0.726958
1505.23 , 0.272132 , 0.727868
1505.33 , 0.271223 , 0.728777
1505.43 , 0.270313 , 0.729687
1505.53 , 0.269403 , 0.730597
1505.63 , 0.268494 , 0.731506
1505.73 , 0.267584 , 0.732416
1505.83 , 0.266674 , 0.733326
1505.93 , 0.265764 , 0.734236
1506.03 , 0.264854 , 0.735146
1506.13 , 0.263944 , 0.736056
1506.23 , 0.263034 , 0.736966
1506.33 , 0.262124 , 0.737876
1506.43 , 0.261214 , 0.738786
1506.53 , 0.260304 , 0.739696
1506.63 , 0.259394 , 0.740606
1506.73 , 0.258484 , 0.741516
1506.83 , 0.257574 , 0.742426
1506.93 , 0.256664 , 0.743336
1507.03 , 0.255755 , 0.744245
1507.13 , 0.254845 , 0.745155
1507.23 , 0.253935 , 0.746065
1507.33 , 0.253025 , 0.746975
1507.43 , 0.252116 , 0.747884
1507.53 , 0.251206 , 0.748794
1507.63 , 0.250297 , 0.749703
1507.73 , 0.249388 , 0.750612
1507.83 , 0.248479 , 0.751521
1507.93 , 0.24757 , 0.75243
1508.03 , 0.246661 , 0.753339
1508.13 , 0.245752 , 0.754248
1508.23 , 0.244844 , 0.755156
1508.33 , 0.243935 , 0.756065
1508.43 , 0.243027 , 0.756973
1508.53 , 0.242119 , 0.757881
1508.63 , 0.241211 , 0.758789
1508.73 , 0.240303 , 0.759697
1508.83 , 0.239395 , 0.760605
1508.93 , 0.238488 , 0.761512
1509.03 , 0.237581 , 0.762419
1509.13 , 0.236674 , 0.763326
1509.23 , 0.235767 , 0.764233
1509.33 , 0.234861 , 0.765139
1509.43 , 0.233955 , 0.766045
1509.53 , 0.233049 , 0.766951
1509.63 , 0.232143 , 0.767857
1509.73 , 0.231238 , 0.768762
1509.83 , 0.230333 , 0.769667
1509.93 , 0.229428 , 0.770572
1510.03 , 0.228523 , 0.771477
1510.13 , 0.227619 , 0.772381
1510.23 , 0.226715 , 0.773285
1510.33 , 0.225811 , 0.774189
1510.43 , 0.224908 , 0.775092
1510.53 , 0.224005 , 0.775995
1510.63 , 0.223103 , 0.776897
1510.73 , 0.2222 , 0.7778
1510.83 , 0.221298 , 0.778702
1510.93 , 0.220397 , 0.779603
1511.03 , 0.219496 , 0.780504
1511.13 , 0.218595 , 0.781405
1511.23 , 0.217695 , 0.782305
1511.33 , 0.216795 , 0.783205
1511.43 , 0.215896 , 0.784104
1511.53 , 0.214997 , 0.785003
1511.63 , 0.214098 , 0.785902
1511.73 , 0.2132 , 0.7868
1511.83 , 0.212302 , 0.787698
1511.93 , 0.211405 , 0.788595
1512.03 , 0.210508 , 0.789492
1512.13 , 0.209612 , 0.790388
1512.23 , 0.208716 , 0.791284
1512.33 , 0.207821 , 0.792179
1512.43 , 0.206927 , 0.793073
1512.53 , 0.206032 , 0.793968
1512.63 , 0.205139 , 0.794861
1512.73 , 0.204246 , 0.795754
1512.83 , 0.203353 , 0.796647
1512.93 , 0.202461 , 0.797539
1513.03 , 0.20157 , 0.79843
1513.13 , 0.200679 , 0.799321
1513.23 , 0.199789 , 0.800211
1513.33 , 0.198899 , 0.801101
1513.43 , 0.19801 , 0.80199
1513.53 , 0.197122 , 0.802878
1513.63 , 0.196234 , 0.803766
1513.73 , 0.195347 , 0.804653
1513.83 , 0.194461 , 0.805539
1513.93 , 0.193575 , 0.806425
1514.03 , 0.19269 , 0.80731
1514.13 , 0.191805 , 0.808195
1514.23 , 0.190922 , 0.809078
1514.33 , 0.190039 , 0.809961
1514.43 , 0.189156 , 0.810844
1514.53 , 0.188275 , 0.811725
1514.63 , 0.187394 , 0.812606
1514.73 , 0.186514 , 0.813486
1514.83 , 0.185634 , 0.814366
1514.93 , 0.184756 , 0.815244
1515.03 , 0.183878 , 0.816122
1515.13 , 0.183001 , 0.816999
1515.23 , 0.182125 , 0.817875
1515.33 , 0.181249 , 0.818751
1515.43 , 0.180375 , 0.819625
1515.53 , 0.179501 , 0.820499
1515.63 , 0.178628 , 0.821372
1515.73 , 0.177756 , 0.822244
1515.83 , 0.176884 , 0.823116
1515.93 , 0.176014 , 0.823986
1516.03 , 0.175145 , 0.824855
1516.13 , 0.174276 , 0.825724
1516.23 , 0.173408 , 0.826592
1516.33 , 0.172541 , 0.827459
1516.43 , 0.171675 , 0.828325
1516.53 , 0.17081 , 0.82919
1516.63 , 0.169946 , 0.830054
1516.73 , 0.169083 , 0.830917
1516.83 , 0.168221 , 0.831779
1516.93 , 0.16736 , 0.83264
1517.03 , 0.1665 , 0.8335
1517.13 , 0.165641 , 0.834359
1517.23 , 0.164783 , 0.835217
1517.33 , 0.163925 , 0.836075
1517.43 , 0.163069 , 0.836931
1517.53 , 0.162214 , 0.837786
1517.63 , 0.16136 , 0.83864
1517.73 , 0.160507 , 0.839493
1517.83 , 0.159655 , 0.840345
1517.93 , 0.158804 , 0.841196
1518.03 , 0.157955 , 0.842045
1518.13 , 0.157106 , 0.842894
1518.23 , 0.156258 , 0.843742
1518.33 , 0.155412 , 0.844588
1518.43 , 0.154567 , 0.845433
1518.53 , 0.153723 , 0.846277
1518.63 , 0.15288 , 0.84712
1518.73 , 0.152038 , 0.847962
1518.83 , 0.151197 , 0.848803
1518.93 , 0.150358 , 0.849642
1519.03 , 0.14952 , 0.85048
1519.13 , 0.148683 , 0.851317
1519.23 , 0.147847 , 0.852153
1519.33 , 0.147012 , 0.852988
1519.43 , 0.146179 , 0.853821
1519.53 , 0.145347 , 0.854653
1519.63 , 0.144516 , 0.855484
1519.73 , 0.143686 , 0.856314
1519.83 , 0.142858 , 0.857142
1519.93 , 0.142031 , 0.857969
1520.04 , 0.141205 , 0.858795
1520.14 , 0.140381 , 0.859619
1520.24 , 0.139558 , 0.860442
1520.34 , 0.138737 , 0.861263
1520.44 , 0.137916 , 0.862084
1520.54 , 0.137097 , 0.862903
1520.64 , 0.13628 , 0.86372
1520.74 , 0.135464 , 0.864536
1520.84 , 0.134649 , 0.865351
1520.94 , 0.133836 , 0.866164
1521.04 , 0.133024 , 0.866976
1521.14 , 0.132213 , 0.867787
1521.24 , 0.131404 , 0.868596
1521.34 , 0.130597 , 0.869403
1521.44 , 0.12979 , 0.87021
1521.54 , 0.128986 , 0.871014
1521.64 , 0.128183 , 0.871817
1521.74 , 0.127381 , 0.872619
1521.84 , 0.126581 , 0.873419
1521.94 , 0.125782 , 0.874218
1522.04 , 0.124985 , 0.875015
1522.14 , 0.12419 , 0.87581
1522.24 , 0.123396 , 0.876604
1522.34 , 0.122603 , 0.877397
1522.44 , 0.121812 , 0.878188
1522.54 , 0.121023 , 0.878977
1522.64 , 0.120236 , 0.879764
1522.74 , 0.11945 , 0.88055
1522.84 , 0.118665 , 0.881335
1522.94 , 0.117883 , 0.882117
1523.04 , 0.117101 , 0.882899
1523.14 , 0.116322 , 0.883678
1523.24 , 0.115544 , 0.884456
1523.34 , 0.114768 , 0.885232
1523.44 , 0.113994 , 0.886006
1523.54 , 0.113221 , 0.886779
1523.64 , 0.11245 , 0.88755
1523.74 , 0.111681 , 0.888319
1523.84 , 0.110914 , 0.889086
1523.94 , 0.110148 , 0.889852
1524.04 , 0.109384 , 0.890616
1524.14 , 0.108622 , 0.891378
1524.24 , 0.107861 , 0.892139
1524.34 , 0.107103 , 0.892897
1524.44 , 0.106346 , 0.893654
1524.54 , 0.105591 , 0.894409
1524.64 , 0.104838 , 0.895162
1524.74 , 0.104086 , 0.895914
1524.84 , 0.103337 , 0.896663
1524.94 , 0.102589 , 0.897411
1525.04 , 0.101844 , 0.898156
1525.14 , 0.1011 , 0.8989
1525.24 , 0.100358 , 0.899642
1525.34 , 0.0996179 , 0.900382
1525.44 , 0.0988798 , 0.90112
1525.54 , 0.0981437 , 0.901856
1525.64 , 0.0974095 , 0.902591
1525.74 , 0.0966772 , 0.903323
1525.84 , 0.095947 , 0.904053
1525.94 , 0.0952187 , 0.904781
1526.04 , 0.0944923 , 0.905508
1526.14 , 0.093768 , 0.906232
1526.24 , 0.0930457 , 0.906954
1526.34 , 0.0923255 , 0.907675
1526.44 , 0.0916072 , 0.908393
1526.54 , 0.0908911 , 0.909109
1526.64 , 0.0901769 , 0.909823
1526.74 , 0.0894649 , 0.910535
1526.84 , 0.0887549 , 0.911245
1526.94 , 0.088047 , 0.911953
1527.04 , 0.0873412 , 0.912659
1527.14 , 0.0866376 , 0.913362
1527.24 , 0.085936 , 0.914064
1527.34 , 0.0852366 , 0.914763
1527.44 , 0.0845393 , 0.915461
1527.54 , 0.0838442 , 0.916156
1527.64 , 0.0831513 , 0.916849
1527.74 , 0.0824605 , 0.917539
1527.84 , 0.081772 , 0.918228
1527.94 , 0.0810856 , 0.918914
1528.04 , 0.0804015 , 0.919599
1528.14 , 0.0797196 , 0.92028
1528.24 , 0.0790399 , 0.92096
1528.34 , 0.0783625 , 0.921638
1528.44 , 0.0776873 , 0.922313
1528.54 , 0.0770144 , 0.922986
1528.64 , 0.0763437 , 0.923656
1528.74 , 0.0756754 , 0.924325
1528.84 , 0.0750094 , 0.924991
1528.94 , 0.0743456 , 0.925654
1529.04 , 0.0736842 , 0.926316
1529.14 , 0.0730252 , 0.926975
1529.24 , 0.0723685 , 0.927632
1529.34 , 0.0717141 , 0.928286
1529.44 , 0.0710621 , 0.928938
1529.54 , 0.0704125 , 0.929588
1529.64 , 0.0697652 , 0.930235
1529.74 , 0.0691204 , 0.93088
1529.84 , 0.068478 , 0.931522
1529.94 , 0.067838 , 0.932162
1530.04 , 0.0672004 , 0.9328
1530.14 , 0.0665653 , 0.933435
1530.24 , 0.0659326 , 0.934067
1530.34 , 0.0653024 , 0.934698
1530.44 , 0.0646746 , 0.935325
1530.54 , 0.0640494 , 0.935951
1530.64 , 0.0634266 , 0.936573
1530.74 , 0.0628063 , 0.937194
1530.84 , 0.0621886 , 0.937811
1530.94 , 0.0615733 , 0.938427
1531.04 , 0.0609606 , 0.939039
1531.14 , 0.0603505 , 0.93965
1531.24 , 0.0597429 , 0.940257
1531.34 , 0.0591379 , 0.940862
1531.44 , 0.0585354 , 0.941465
1531.54 , 0.0579356 , 0.942064
1531.64 , 0.0573383 , 0.942662
1531.74 , 0.0567436 , 0.943256
1531.84 , 0.0561516 , 0.943848
1531.94 , 0.0555622 , 0.944438
1532.04 , 0.0549754 , 0.945025
1532.14 , 0.0543913 , 0.945609
1532.24 , 0.0538098 , 0.94619
1532.34 , 0.053231 , 0.946769
1532.44 , 0.0526548 , 0.947345
1532.54 , 0.0520814 , 0.947919
1532.64 , 0.0515106 , 0.948489
1532.74 , 0.0509426 , 0.949057
1532.84 , 0.0503773 , 0.949623
1532.94 , 0.0498146 , 0.950185
1533.04 , 0.0492548 , 0.950745
1533.14 , 0.0486976 , 0.951302
1533.24 , 0.0481433 , 0.951857
1533.34 , 0.0475917 , 0.952408
1533.44 , 0.0470428 , 0.952957
1533.54 , 0.0464968 , 0.953503
1533.64 , 0.0459535 , 0.954046
1533.74 , 0.045413 , 0.954587
1533.84 , 0.0448754 , 0.955125
1533.94 , 0.0443406 , 0.955659
1534.04 , 0.0438085 , 0.956191
1534.14 , 0.0432794 , 0.956721
1534.24 , 0.0427531 , 0.957247
1534.34 , 0.0422296 , 0.95777
1534.44 , 0.041709 , 0.958291
1534.54 , 0.0411913 , 0.958809
1534.64 , 0.0406764 , 0.959324
1534.74 , 0.0401645 , 0.959836
1534.84 , 0.0396555 , 0.960345
1534.94 , 0.0391493 , 0.960851
1535.04 , 0.0386461 , 0.961354
1535.14 , 0.0381458 , 0.961854
1535.24 , 0.0376485 , 0.962352
1535.34 , 0.037154 , 0.962846
1535.44 , 0.0366626 , 0.963337
1535.54 , 0.0361741 , 0.963826
1535.64 , 0.0356886 , 0.964311
1535.74 , 0.035206 , 0.964794
1535.84 , 0.0347265 , 0.965274
1535.94 , 0.0342499 , 0.96575
1536.04 , 0.0337764 , 0.966224
1536.14 , 0.0333058 , 0.966694
1536.24 , 0.0328383 , 0.967162
1536.34 , 0.0323738 , 0.967626
1536.44 , 0.0319123 , 0.968088
1536.54 , 0.0314539 , 0.968546
1536.64 , 0.0309986 , 0.969001
1536.74 , 0.0305463 , 0.969454
1536.84 , 0.030097 , 0.969903
1536.94 , 0.0296509 , 0.970349
1537.04 , 0.0292078 , 0.970792
1537.14 , 0.0287678 , 0.971232
1537.24 , 0.0283309 , 0.971669
1537.34 , 0.0278972 , 0.972103
1537.44 , 0.0274665 , 0.972533
1537.54 , 0.027039 , 0.972961
1537.64 , 0.0266146 , 0.973385
1537.74 , 0.0261933 , 0.973807
1537.84 , 0.0257752 , 0.974225
1537.94 , 0.0253602 , 0.97464
1538.04 , 0.0249484 , 0.975052
1538.14 , 0.0245397 , 0.97546
1538.24 , 0.0241342 , 0.975866
1538.34 , 0.0237319 , 0.976268
1538.44 , 0.0233328 , 0.976667
1538.54 , 0.0229369 , 0.977063
1538.64 , 0.0225442 , 0.977456
1538.74 , 0.0221547 , 0.977845
1538.84 , 0.0217684 , 0.978232
1538.94 , 0.0213853 , 0.978615
1539.04 , 0.0210055 , 0.978995
1539.14 , 0.0206289 , 0.979371
1539.24 , 0.0202555 , 0.979745
1539.34 , 0.0198854 , 0.980115
1539.44 , 0.0195185 , 0.980482
1539.54 , 0.0191549 , 0.980845
1539.64 , 0.0187945 , 0.981205
1539.74 , 0.0184374 , 0.981563
1539.84 , 0.0180837 , 0.981916
1539.94 , 0.0177331 , 0.982267
1540.05 , 0.0173859 , 0.982614
1540.15 , 0.017042 , 0.982958
1540.25 , 0.0167014 , 0.983299
1540.35 , 0.016364 , 0.983636
1540.45 , 0.01603 , 0.98397
1540.55 , 0.0156994 , 0.984301
1540.65 , 0.015372 , 0.984628
1540.75 , 0.015048 , 0.984952
1540.85 , 0.0147273 , 0.985273
1540.95 , 0.0144099 , 0.98559
1541.05 , 0.0140959 , 0.985904
1541.15 , 0.0137853 , 0.986215
1541.25 , 0.013478 , 0.986522
1541.35 , 0.013174 , 0.986826
1541.45 , 0.0128735 , 0.987127
1541.55 , 0.0125763 , 0.987424
1541.65 , 0.0122824 , 0.987718
1541.75 , 0.011992 , 0.988008
1541.85 , 0.0117049 , 0.988295
1541.95 , 0.0114213 , 0.988579
1542.05 , 0.011141 , 0.988859
1542.15 , 0.0108641 , 0.989136
1542.25 , 0.0105907 , 0.989409
1542.35 , 0.0103206 , 0.989679
1542.45 , 0.010054 , 0.989946
1542.55 , 0.00979078 , 0.990209
1542.65 , 0.00953098 , 0.990469
1542.75 , 0.00927461 , 0.990725
1542.85 , 0.00902167 , 0.990978
1542.95 , 0.00877216 , 0.991228
1543.05 , 0.00852609 , 0.991474
1543.15 , 0.00828347 , 0.991717
1543.25 , 0.00804429 , 0.991956
1543.35 , 0.00780856 , 0.992191
1543.45 , 0.00757628 , 0.992424
1543.55 , 0.00734746 , 0.992653
1543.65 , 0.0071221 , 0.992878
1543.75 , 0.0069002 , 0.9931
1543.85 , 0.00668178 , 0.993318
1543.95 , 0.00646682 , 0.993533
1544.05 , 0.00625533 , 0.993745
1544.15 , 0.00604733 , 0.993953
1544.25 , 0.0058428 , 0.994157
1544.35 , 0.00564175 , 0.994358
1544.45 , 0.0054442 , 0.994556
1544.55 , 0.00525013 , 0.99475
1544.65 , 0.00505955 , 0.99494
1544.75 , 0.00487246 , 0.995128
1544.85 , 0.00468888 , 0.995311
1544.95 , 0.00450879 , 0.995491
1545.05 , 0.0043322 , 0.995668
1545.15 , 0.00415912 , 0.995841
1545.25 , 0.00398954 , 0.99601
1545.35 , 0.00382348 , 0.996177
1545.45 , 0.00366092 , 0.996339
1545.55 , 0.00350188 , 0.996498
1545.65 , 0.00334635 , 0.996654
1545.75 , 0.00319434 , 0.996806
1545.85 , 0.00304585 , 0.996954
1545.95 , 0.00290088 , 0.997099
1546.05 , 0.00275943 , 0.997241
1546.15 , 0.00262151 , 0.997378
1546.25 , 0.00248711 , 0.997513
1546.35 , 0.00235624 , 0.997644
1546.45 , 0.00222889 , 0.997771
1546.55 , 0.00210508 , 0.997895
1546.65 , 0.0019848 , 0.998015
1546.75 , 0.00186805 , 0.998132
1546.85 , 0.00175484 , 0.998245
1546.95 , 0.00164516 , 0.998355
1547.05 , 0.00153901 , 0.998461
1547.15 , 0.0014364 , 0.998564
1547.25 , 0.00133733 , 0.998663
1547.35 , 0.0012418 , 0.998758
1547.45 , 0.0011498 , 0.99885
1547.55 , 0.00106135 , 0.998939
1547.65 , 0.000976432 , 0.999024
1547.75 , 0.000895058 , 0.999105
1547.85 , 0.000817223 , 0.999183
1547.95 , 0.00074293 , 0.999257
1548.05 , 0.000672178 , 0.999328
1548.15 , 0.000604967 , 0.999395
1548.25 , 0.000541297 , 0.999459
1548.35 , 0.000481169 , 0.999519
1548.45 , 0.000424582 , 0.999575
1548.55 , 0.000371537 , 0.999628
1548.65 , 0.000322032 , 0.999678
1548.75 , 0.000276067 , 0.999724
1548.85 , 0.000233643 , 0.999766
1548.95 , 0.000194759 , 0.999805
1549.05 , 0.000159413 , 0.999841
1549.15 , 0.000127607 , 0.999872
1549.25 , 9.93377e-05 , 0.999901
1549.35 , 7.46059e-05 , 0.999925
1549.45 , 5.34103e-05 , 0.999947
1549.55 , 3.575e-05 , 0.999964
1549.65 , 2.16241e-05 , 0.999978
1549.75 , 1.10314e-05 , 0.999989
1549.85 , 3.97081e-06 , 0.999996
1549.95 , 4.41146e-07 , 1
1550.05 , 4.41089e-07 , 1
1550.15 , 3.96928e-06 , 0.999996
1550.25 , 1.10243e-05 , 0.999989
1550.35 , 2.16045e-05 , 0.999978
1550.45 , 3.57085e-05 , 0.999964
1550.55 , 5.33345e-05 , 0.999947
1550.65 , 7.44808e-05 , 0.999926
1550.75 , 9.91456e-05 , 0.999901
1550.85 , 0.000127327 , 0.999873
1550.95 , 0.000159023 , 0.999841
1551.05 , 0.000194232 , 0.999806
1551.15 , 0.000232951 , 0.999767
1551.25 , 0.000275178 , 0.999725
1551.35 , 0.000320912 , 0.999679
1551.45 , 0.000370149 , 0.99963
1551.55 , 0.000422887 , 0.999577
1551.65 , 0.000479125 , 0.999521
1551.75 , 0.000538858 , 0.999461
1551.85 , 0.000602086 , 0.999398
1551.95 , 0.000668804 , 0.999331
1552.05 , 0.000739011 , 0.999261
1552.15 , 0.000812703 , 0.999187
1552.25 , 0.000889878 , 0.99911
1552.35 , 0.000970532 , 0.999029
1552.45 , 0.00105466 , 0.998945
1552.55 , 0.00114227 , 0.998858
1552.65 , 0.00123334 , 0.998767
1552.75 , 0.00132788 , 0.998672
1552.85 , 0.00142589 , 0.998574
1552.95 , 0.00152735 , 0.998473
1553.05 , 0.00163227 , 0.998368
1553.15 , 0.00174065 , 0.998259
1553.25 , 0.00185247 , 0.998148
1553.35 , 0.00196774 , 0.998032
1553.45 , 0.00208645 , 0.997914
1553.55 , 0.0022086 , 0.997791
1553.65 , 0.00233419 , 0.997666
1553.75 , 0.0024632 , 0.997537
1553.85 , 0.00259564 , 0.997404
1553.95 , 0.00273151 , 0.997268
1554.05 , 0.00287079 , 0.997129
1554.15 , 0.00301349 , 0.996987
1554.25 , 0.00315959 , 0.99684
1554.35 , 0.0033091 , 0.996691
1554.45 , 0.00346201 , 0.996538
1554.55 , 0.00361832 , 0.996382
1554.65 , 0.00377802 , 0.996222
1554.75 , 0.00394111 , 0.996059
1554.85 , 0.00410758 , 0.995892
1554.95 , 0.00427742 , 0.995723
1555.05 , 0.00445064 , 0.995549
1555.15 , 0.00462723 , 0.995373
1555.25 , 0.00480718 , 0.995193
1555.35 , 0.00499049 , 0.99501
1555.45 , 0.00517715 , 0.994823
1555.55 , 0.00536716 , 0.994633
1555.65 , 0.00556051 , 0.994439
1555.75 , 0.00575719 , 0.994243
1555.85 , 0.00595721 , 0.994043
1555.95 , 0.00616056 , 0.993839
1556.05 , 0.00636723 , 0.993633
1556.15 , 0.00657721 , 0.993423
1556.25 , 0.0067905 , 0.993209
1556.35 , 0.0070071 , 0.992993
1556.45 , 0.00722699 , 0.992773
1556.55 , 0.00745018 , 0.99255
1556.65 , 0.00767665 , 0.992323
1556.75 , 0.00790641 , 0.992094
1556.85 , 0.00813944 , 0.991861
1556.95 , 0.00837574 , 0.991624
1557.05 , 0.0086153 , 0.991385
1557.15 , 0.00885812 , 0.991142
1557.25 , 0.00910419 , 0.990896
1557.35 , 0.0093535 , 0.990647
1557.45 , 0.00960605 , 0.990394
1557.55 , 0.00986183 , 0.990138
1557.65 , 0.0101208 , 0.989879
1557.75 , 0.0103831 , 0.989617
1557.85 , 0.0106485 , 0.989351
1557.95 , 0.0109171 , 0.989083
1558.05 , 0.011189 , 0.988811
1558.15 , 0.011464 , 0.988536
1558.25 , 0.0117422 , 0.988258
1558.35 , 0.0120236 , 0.987976
1558.45 , 0.0123082 , 0.987692
1558.55 , 0.0125959 , 0.987404
1558.65 , 0.0128868 , 0.987113
1558.75 , 0.0131809 , 0.986819
1558.85 , 0.0134781 , 0.986522
1558.95 , 0.0137784 , 0.986222
1559.05 , 0.0140818 , 0.985918
1559.15 , 0.0143884 , 0.985612
1559.25 , 0.0146981 , 0.985302
1559.35 , 0.0150109 , 0.984989
1559.45 , 0.0153268 , 0.984673
1559.55 , 0.0156458 , 0.984354
1559.65 , 0.0159678 , 0.984032
1559.75 , 0.016293 , 0.983707
1559.85 , 0.0166212 , 0.983379
1559.95 , 0.0169525 , 0.983048
1560.06 , 0.0172868 , 0.982713
1560.16 , 0.0176242 , 0.982376
1560.26 , 0.0179646 , 0.982035
1560.36 , 0.018308 , 0.981692
1560.46 , 0.0186545 , 0.981345
1560.56 , 0.019004 , 0.980996
1560.66 , 0.0193565 , 0.980644
1560.76 , 0.019712 , 0.980288
1560.86 , 0.0200705 , 0.97993
1560.96 , 0.0204319 , 0.979568
1561.06 , 0.0207964 , 0.979204
1561.16 , 0.0211638 , 0.978836
1561.26 , 0.0215341 , 0.978466
1561.36 , 0.0219075 , 0.978093
1561.46 , 0.0222837 , 0.977716
1561.56 , 0.0226629 , 0.977337
1561.66 , 0.023045 , 0.976955
1561.76 , 0.02343 , 0.97657
1561.86 , 0.023818 , 0.976182
1561.96 , 0.0242088 , 0.975791
1562.06 , 0.0246025 , 0.975397
1562.16 , 0.0249991 , 0.975001
1562.26 , 0.0253986 , 0.974601
1562.36 , 0.0258009 , 0.974199
1562.46 , 0.0262061 , 0.973794
1562.56 , 0.0266142 , 0.973386
1562.66 , 0.0270251 , 0.972975
1562.76 , 0.0274388 , 0.972561
1562.86 , 0.0278553 , 0.972145
1562.96 , 0.0282746 , 0.971725
1563.06 , 0.0286968 , 0.971303
1563.16 , 0.0291217 , 0.970878
1563.26 , 0.0295494 , 0.970451
1563.36 , 0.0299799 , 0.97002
1563.46 , 0.0304132 , 0.969587
1563.56 , 0.0308492 , 0.969151
1563.66 , 0.0312879 , 0.968712
1563.76 , 0.0317294 , 0.968271
1563.86 , 0.0321737 , 0.967826
1563.96 , 0.0326206 , 0.967379
1564.06 , 0.0330703 , 0.96693
1564.16 , 0.0335226 , 0.966477
1564.26 , 0.0339777 , 0.966022
1564.36 , 0.0344354 , 0.965565
1564.46 , 0.0348958 , 0.965104
1564.56 , 0.0353589 , 0.964641
1564.66 , 0.0358246 , 0.964175
1564.76 , 0.0362929 , 0.963707
1564.86 , 0.0367639 , 0.963236
1564.96 , 0.0372375 , 0.962762
1565.06 , 0.0377138 , 0.962286
1565.16 , 0.0381926 , 0.961807
1565.26 , 0.038674 , 0.961326
1565.36 , 0.039158 , 0.960842
1565.46 , 0.0396446 , 0.960355
1565.56 , 0.0401338 , 0.959866
1565.66 , 0.0406255 , 0.959374
1565.76 , 0.0411198 , 0.95888
1565.86 , 0.0416166 , 0.958383
1565.96 , 0.0421159 , 0.957884
1566.06 , 0.0426177 , 0.957382
1566.16 , 0.043122 , 0.956878
1566.26 , 0.0436289 , 0.956371
1566.36 , 0.0441382 , 0.955862
1566.46 , 0.04465 , 0.95535
1566.56 , 0.0451643 , 0.954836
1566.66 , 0.045681 , 0.954319
1566.76 , 0.0462002 , 0.9538
1566.86 , 0.0467218 , 0.953278
1566.96 , 0.0472458 , 0.952754
1567.06 , 0.0477723 , 0.952228
1567.16 , 0.0483011 , 0.951699
1567.26 , 0.0488324 , 0.951168
1567.36 , 0.049366 , 0.950634
1567.46 , 0.049902 , 0.950098
1567.56 , 0.0504404 , 0.94956
1567.66 , 0.0509811 , 0.949019
1567.76 , 0.0515242 , 0.948476
1567.86 , 0.0520696 , 0.94793
1567.96 , 0.0526173 , 0.947383
1568.06 , 0.0531673 , 0.946833
1568.16 , 0.0537197 , 0.94628
1568.26 , 0.0542743 , 0.945726
1568.36 , 0.0548312 , 0.945169
1568.46 , 0.0553904 , 0.94461
1568.56 , 0.0559519 , 0.944048
1568.66 , 0.0565156 , 0.943484
1568.76 , 0.0570815 , 0.942919
1568.86 , 0.0576497 , 0.94235
1568.96 , 0.0582201 , 0.94178
1569.06 , 0.0587927 , 0.941207
1569.16 , 0.0593675 , 0.940633
1569.26 , 0.0599444 , 0.940056
1569.36 , 0.0605236 , 0.939476
1569.46 , 0.0611049 , 0.938895
1569.56 , 0.0616884 , 0.938312
1569.66 , 0.062274 , 0.937726
1569.76 , 0.0628618 , 0.937138
1569.86 , 0.0634517 , 0.936548
1569.96 , 0.0640437 , 0.935956
1570.06 , 0.0646378 , 0.935362
1570.16 , 0.065234 , 0.934766
1570.26 , 0.0658323 , 0.934168
1570.36 , 0.0664326 , 0.933567
1570.46 , 0.067035 , 0.932965
1570.56 , 0.0676395 , 0.932361
1570.66 , 0.068246 , 0.931754
1570.76 , 0.0688545 , 0.931145
1570.86 , 0.0694651 , 0.930535
1570.96 , 0.0700776 , 0.929922
1571.06 , 0.0706922 , 0.929308
1571.16 , 0.0713087 , 0.928691
1571.26 , 0.0719272 , 0.928073
1571.36 , 0.0725477 , 0.927452
1571.46 , 0.0731702 , 0.92683
1571.56 , 0.0737945 , 0.926205
1571.66 , 0.0744208 , 0.925579
1571.76 , 0.0750491 , 0.924951
1571.86 , 0.0756792 , 0.924321
1571.96 , 0.0763113 , 0.923689
1572.06 , 0.0769452 , 0.923055
1572.16 , 0.077581 , 0.922419
1572.26 , 0.0782187 , 0.921781
1572.36 , 0.0788582 , 0.921142
1572.46 , 0.0794996 , 0.9205
1572.56 , 0.0801428 , 0.919857
1572.66 , 0.0807879 , 0.919212
1572.76 , 0.0814348 , 0.918565
1572.86 , 0.0820834 , 0.917917
1572.96 , 0.0827339 , 0.917266
1573.06 , 0.0833861 , 0.916614
1573.16 , 0.0840402 , 0.91596
1573.26 , 0.0846959 , 0.915304
1573.36 , 0.0853535 , 0.914647
1573.46 , 0.0860127 , 0.913987
1573.56 , 0.0866737 , 0.913326
1573.66 , 0.0873365 , 0.912664
1573.76 , 0.0880009 , 0.911999
1573.86 , 0.088667 , 0.911333
1573.96 , 0.0893348 , 0.910665
1574.06 , 0.0900043 , 0.909996
1574.16 , 0.0906755 , 0.909325
1574.26 , 0.0913483 , 0.908652
1574.36 , 0.0920227 , 0.907977
1574.46 , 0.0926988 , 0.907301
1574.56 , 0.0933765 , 0.906623
1574.66 , 0.0940559 , 0.905944
1574.76 , 0.0947368 , 0.905263
1574.86 , 0.0954193 , 0.904581
1574.96 , 0.0961034 , 0.903897
1575.06 , 0.0967891 , 0.903211
1575.16 , 0.0974763 , 0.902524
1575.26 , 0.0981651 , 0.901835
1575.36 , 0.0988554 , 0.901145
1575.46 , 0.0995472 , 0.900453
1575.56 , 0.100241 , 0.899759
1575.66 , 0.100935 , 0.899065
1575.76 , 0.101632 , 0.898368
1575.86 , 0.10233 , 0.89767
1575.96 , 0.103029 , 0.896971
1576.06 , 0.10373 , 0.89627
1576.16 , 0.104432 , 0.895568
1576.26 , 0.105136 , 0.894864
1576.36 , 0.105841 , 0.894159
1576.46 , 0.106547 , 0.893453
1576.56 , 0.107255 , 0.892745
1576.66 , 0.107965 , 0.892035
1576.76 , 0.108675 , 0.891325
1576.86 , 0.109388 , 0.890612
1576.96 , 0.110101 , 0.889899
1577.06 , 0.110816 , 0.889184
1577.16 , 0.111532 , 0.888468
1577.26 , 0.11225 , 0.88775
1577.36 , 0.112969 , 0.887031
1577.46 , 0.113689 , 0.886311
1577.56 , 0.11441 , 0.88559
1577.66 , 0.115133 , 0.884867
1577.76 , 0.115857 , 0.884143
1577.86 , 0.116583 , 0.883417
1577.96 , 0.117309 , 0.882691
1578.06 , 0.118037 , 0.881963
1578.16 , 0.118766 , 0.881234
1578.26 , 0.119497 , 0.880503
1578.36 , 0.120228 , 0.879772
1578.46 , 0.120961 , 0.879039
1578.56 , 0.121695 , 0.878305
1578.66 , 0.12243 , 0.87757
1578.76 , 0.123167 , 0.876833
1578.86 , 0.123904 , 0.876096
1578.96 , 0.124643 , 0.875357
1579.06 , 0.125383 , 0.874617
1579.16 , 0.126124 , 0.873876
1579.26 , 0.126866 , 0.873134
1579.36 , 0.12761 , 0.87239
1579.46 , 0.128354 , 0.871646
1579.56 , 0.1291 , 0.8709
1579.66 , 0.129846 , 0.870154
1579.76 , 0.130594 , 0.869406
1579.86 , 0.131343 , 0.868657
1579.96 , 0.132093 , 0.867907
1580.07 , 0.132843 , 0.867157
1580.17 , 0.133595 , 0.866405
1580.27 , 0.134348 , 0.865652
1580.37 , 0.135103 , 0.864897
1580.47 , 0.135858 , 0.864142
1580.57 , 0.136614 , 0.863386
1580.67 , 0.137371 , 0.862629
1580.77 , 0.138129 , 0.861871
1580.87 , 0.138888 , 0.861112
1580.97 , 0.139648 , 0.860352
1581.07 , 0.140409 , 0.859591
1581.17 , 0.141171 , 0.858829
1581.27 , 0.141933 , 0.858067
1581.37 , 0.142697 , 0.857303
1581.47 , 0.143462 , 0.856538
1581.57 , 0.144228 , 0.855772
1581.67 , 0.144994 , 0.855006
1581.77 , 0.145761 , 0.854239
1581.87 , 0.14653 , 0.85347
1581.97 , 0.147299 , 0.852701
1582.07 , 0.148069 , 0.851931
1582.17 , 0.14884 , 0.85116
1582.27 , 0.149612 , 0.850388
1582.37 , 0.150384 , 0.849616
1582.47 , 0.151157 , 0.848843
1582.57 , 0.151932 , 0.848068
1582.67 , 0.152707 , 0.847293
1582.77 , 0.153482 , 0.846518
1582.87 , 0.154259 , 0.845741
1582.97 , 0.155036 , 0.844964
1583.07 , 0.155815 , 0.844185
1583.17 , 0.156594 , 0.843406
1583.27 , 0.157373 , 0.842627
1583.37 , 0.158154 , 0.841846
1583.47 , 0.158935 , 0.841065
1583.57 , 0.159717 , 0.840283
1583.67 , 0.160499 , 0.839501
1583.77 , 0.161283 , 0.838717
1583.87 , 0.162066 , 0.837934
1583.97 , 0.162851 , 0.837149
1584.07 , 0.163637 , 0.836363
1584.17 , 0.164423 , 0.835577
1584.27 , 0.165209 , 0.834791
1584.37 , 0.165997 , 0.834003
1584.47 , 0.166785 , 0.833215
1584.57 , 0.167573 , 0.832427
1584.67 , 0.168363 , 0.831637
1584.77 , 0.169152 , 0.830848
1584.87 , 0.169943 , 0.830057
1584.97 , 0.170734 , 0.829266
1585.07 , 0.171526 , 0.828474
1585.17 , 0.172318 , 0.827682
1585.27 , 0.173111 , 0.826889
1585.37 , 0.173904 , 0.826096
1585.47 , 0.174698 , 0.825302
1585.57 , 0.175493 , 0.824507
1585.67 , 0.176288 , 0.823712
1585.77 , 0.177083 , 0.822917
1585.87 , 0.17788 , 0.82212
1585.97 , 0.178676 , 0.821324
1586.07 , 0.179473 , 0.820527
1586.17 , 0.180271 , 0.819729
1586.27 , 0.181069 , 0.818931
1586.37 , 0.181868 , 0.818132
1586.47 , 0.182667 , 0.817333
1586.57 , 0.183466 , 0.816534
1586.67 , 0.184267 , 0.815733
1586.77 , 0.185067 , 0.814933
1586.87 , 0.185868 , 0.814132
1586.97 , 0.186669 , 0.813331
1587.07 , 0.187471 , 0.812529
1587.17 , 0.188273 , 0.811727
1587.27 , 0.189076 , 0.810924
1587.37 , 0.189879 , 0.810121
1587.47 , 0.190682 , 0.809318
1587.57 , 0.191486 , 0.808514
1587.67 , 0.19229 , 0.80771
1587.77 , 0.193095 , 0.806905
1587.87 , 0.1939 , 0.8061
1587.97 , 0.194705 , 0.805295
1588.07 , 0.195511 , 0.804489
1588.17 , 0.196317 , 0.803683
1588.27 , 0.197123 , 0.802877
1588.37 , 0.197929 , 0.802071
1588.47 , 0.198736 , 0.801264
1588.57 , 0.199544 , 0.800456
1588.67 , 0.200351 , 0.799649
1588.77 , 0.201159 , 0.798841
1588.87 , 0.201967 , 0.798033
1588.97 , 0.202775 , 0.797225
1589.07 , 0.203584 , 0.796416
1589.17 , 0.204393 , 0.795607
1589.27 , 0.205202 , 0.794798
1589.37 , 0.206012 , 0.793988
1589.47 , 0.206821 , 0.793179
1589.57 , 0.207631 , 0.792369
1589.67 , 0.208441 , 0.791559
1589.77 , 0.209252 , 0.790748
1589.87 , 0.210062 , 0.789938
1589.97 , 0.210873 , 0.789127
1590.07 , 0.211684 , 0.788316
1590.17 , 0.212495 , 0.787505
1590.27 , 0.213306 , 0.786694
1590.37 , 0.214118 , 0.785882
1590.47 , 0.21493 , 0.78507
1590.57 , 0.215741 , 0.784259
1590.67 , 0.216553 , 0.783447
1590.77 , 0.217366 , 0.782634
1590.87 , 0.218178 , 0.781822
1590.97 , 0.21899 , 0.78101
1591.07 , 0.219803 , 0.780197
1591.17 , 0.220616 , 0.779384
1591.27 , 0.221428 , 0.778572
1591.37 , 0.222241 , 0.777759
1591.47 , 0.223054 , 0.776946
1591.57 , 0.223867 , 0.776133
1591.67 , 0.22468 , 0.77532
1591.77 , 0.225494 , 0.774506
1591.87 , 0.226307 , 0.773693
1591.97 , 0.22712 , 0.77288
1592.07 , 0.227934 , 0.772066
1592.17 , 0.228747 , 0.771253
1592.27 , 0.229561 , 0.770439
1592.37 , 0.230375 , 0.769625
1592.47 , 0.231188 , 0.768812
1592.57 , 0.232002 , 0.767998
1592.67 , 0.232816 , 0.767184
1592.77 , 0.233629 , 0.766371
1592.87 , 0.234443 , 0.765557
1592.97 , 0.235257 , 0.764743
1593.07 , 0.23607 , 0.76393
1593.17 , 0.236884 , 0.763116
1593.27 , 0.237698 , 0.762302
1593.37 , 0.238511 , 0.761489
1593.47 , 0.239325 , 0.760675
1593.57 , 0.240139 , 0.759861
1593.67 , 0.240952 , 0.759048
1593.77 , 0.241766 , 0.758234
1593.87 , 0.242579 , 0.757421
1593.97 , 0.243392 , 0.756608
1594.07 , 0.244206 , 0.755794
1594.17 , 0.245019 , 0.754981
1594.27 , 0.245832 , 0.754168
1594.37 , 0.246645 , 0.753355
1594.47 , 0.247458 , 0.752542
1594.57 , 0.248271 , 0.751729
1594.67 , 0.249084 , 0.750916
1594.77 , 0.249897 , 0.750103
1594.87 , 0.250709 , 0.749291
1594.97 , 0.251522 , 0.748478
1595.07 , 0.252334 , 0.747666
1595.17 , 0.253146 , 0.746854
1595.27 , 0.253958 , 0.746042
1595.37 , 0.25477 , 0.74523
1595.47 , 0.255582 , 0.744418
1595.57 , 0.256394 , 0.743606
1595.67 , 0.257205 , 0.742795
1595.77 , 0.258017 , 0.741983
1595.87 , 0.258828 , 0.741172
1595.97 , 0.259639 , 0.740361
1596.07 , 0.260449 , 0.739551
1596.17 , 0.26126 , 0.73874
1596.27 , 0.262071 , 0.737929
1596.37 , 0.262881 , 0.737119
1596.47 , 0.263691 , 0.736309
1596.57 , 0.264501 , 0.735499
1596.67 , 0.26531 , 0.73469
1596.77 , 0.26612 , 0.73388
1596.87 , 0.266929 , 0.733071
1596.97 , 0.267738 , 0.732262
1597.07 , 0.268547 , 0.731453
1597.17 , 0.269355 , 0.730645
1597.27 , 0.270163 , 0.729837
1597.37 , 0.270971 , 0.729029
1597.47 , 0.271779 , 0.728221
1597.57 , 0.272587 , 0.727413
1597.67 , 0.273394 , 0.726606
1597.77 , 0.274201 , 0.725799
1597.87 , 0.275007 , 0.724993
1597.97 , 0.275814 , 0.724186
1598.07 , 0.27662 , 0.72338
1598.17 , 0.277426 , 0.722574
1598.27 , 0.278231 , 0.721769
1598.37 , 0.279037 , 0.720963
1598.47 , 0.279842 , 0.720158
1598.57 , 0.280646 , 0.719354
1598.67 , 0.281451 , 0.718549
1598.77 , 0.282255 , 0.717745
1598.87 , 0.283058 , 0.716942
1598.97 , 0.283862 , 0.716138
1599.07 , 0.284665 , 0.715335
1599.17 , 0.285468 , 0.714532
1599.27 , 0.28627 , 0.71373
1599.37 , 0.287072 , 0.712928
1599.47 , 0.287874 , 0.712126
1599.57 , 0.288675 , 0.711325
1599.67 , 0.289476 , 0.710524
1599.77 , 0.290277 , 0.709723
1599.87 , 0.291077 , 0.708923
1599.97 , 0.291877 , 0.708123
1600.08 , 0.292677 , 0.707323
1600.18 , 0.293476 , 0.706524
1600.28 , 0.294275 , 0.705725
1600.38 , 0.295073 , 0.704927
1600.48 , 0.295871 , 0.704129
1600.58 , 0.296669 , 0.703331
1600.68 , 0.297466 , 0.702534
1600.78 , 0.298263 , 0.701737
1600.88 , 0.299059 , 0.700941
1600.98 , 0.299855 , 0.700145
1601.08 , 0.300651 , 0.699349
1601.18 , 0.301446 , 0.698554
1601.28 , 0.302241 , 0.697759
1601.38 , 0.303035 , 0.696965
1601.48 , 0.303829 , 0.696171
1601.58 , 0.304623 , 0.695377
1601.68 , 0.305416 , 0.694584
1601.78 , 0.306209 , 0.693791
1601.88 , 0.307001 , 0.692999
1601.98 , 0.307792 , 0.692208
1602.08 , 0.308584 , 0.691416
1602.18 , 0.309375 , 0.690625
1602.28 , 0.310165 , 0.689835
1602.38 , 0.310955 , 0.689045
1602.48 , 0.311744 , 0.688256
1602.58 , 0.312533 , 0.687467
1602.68 , 0.313322 , 0.686678
1602.78 , 0.31411 , 0.68589
1602.88 , 0.314897 , 0.685103
1602.98 , 0.315684 , 0.684316
1603.08 , 0.316471 , 0.683529
1603.18 , 0.317257 , 0.682743
1603.28 , 0.318043 , 0.681957
1603.38 , 0.318828 , 0.681172
1603.48 , 0.319612 , 0.680388
1603.58 , 0.320396 , 0.679604
1603.68 , 0.32118 , 0.67882
1603.78 , 0.321963 , 0.678037
1603.88 , 0.322746 , 0.677254
1603.98 , 0.323528 , 0.676472
1604.08 , 0.324309 , 0.675691
1604.18 , 0.32509 , 0.67491
1604.28 , 0.325871 , 0.674129
1604.38 , 0.32665 , 0.67335
1604.48 , 0.32743 , 0.67257
1604.58 , 0.328209 , 0.671791
1604.68 , 0.328987 , 0.671013
1604.78 , 0.329765 , 0.670235
1604.88 , 0.330542 , 0.669458
1604.98 , 0.331319 , 0.668681
1605.08 , 0.332095 , 0.667905
1605.18 , 0.33287 , 0.66713
1605.28 , 0.333645 , 0.666355
1605.38 , 0.33442 , 0.66558
1605.48 , 0.335194 , 0.664806
1605.58 , 0.335967 , 0.664033
1605.68 , 0.33674 , 0.66326
1605.78 , 0.337512 , 0.662488
1605.88 , 0.338284 , 0.661716
1605.98 , 0.339055 , 0.660945
1606.08 , 0.339825 , 0.660175
1606.18 , 0.340595 , 0.659405
1606.28 , 0.341364 , 0.658636
1606.38 , 0.342133 , 0.657867
1606.48 , 0.342901 , 0.657099
1606.58 , 0.343668 , 0.656332
1606.68 , 0.344435 , 0.655565
1606.78 , 0.345202 , 0.654798
1606.88 , 0.345967 , 0.654033
1606.98 , 0.346732 , 0.653268
1607.08 , 0.347497 , 0.652503
1607.18 , 0.348261 , 0.651739
1607.28 , 0.349024 , 0.650976
1607.38 , 0.349787 , 0.650213
1607.48 , 0.350549 , 0.649451
1607.58 , 0.35131 , 0.64869
1607.68 , 0.352071 , 0.647929
1607.78 , 0.352831 , 0.647169
1607.88 , 0.353591 , 0.646409
1607.98 , 0.354349 , 0.645651
1608.08 , 0.355108 , 0.644892
1608.18 , 0.355865 , 0.644135
1608.28 , 0.356622 , 0.643378
1608.38 , 0.357379 , 0.642621
1608.48 , 0.358134 , 0.641866
1608.58 , 0.358889 , 0.641111
1608.68 , 0.359644 , 0.640356
1608.78 , 0.360398 , 0.639602
1608.88 , 0.361151 , 0.638849
1608.98 , 0.361903 , 0.638097
1609.08 , 0.362655 , 0.637345
1609.18 , 0.363406 , 0.636594
1609.28 , 0.364157 , 0.635843
1609.38 , 0.364907 , 0.635093
1609.48 , 0.365656 , 0.634344
1609.58 , 0.366404 , 0.633596
1609.68 , 0.367152 , 0.632848
1609.78 , 0.367899 , 0.632101
1609.88 , 0.368646 , 0.631354
1609.98 , 0.369392 , 0.630608
1610.08 , 0.370137 , 0.629863
1610.18 , 0.370881 , 0.629119
1610.28 , 0.371625 , 0.628375
1610.38 , 0.372368 , 0.627632
1610.48 , 0.37311 , 0.62689
1610.58 , 0.373852 , 0.626148
1610.68 , 0.374593 , 0.625407
1610.78 , 0.375334 , 0.624666
1610.88 , 0.376073 , 0.623927
1610.98 , 0.376812 , 0.623188
1611.08 , 0.37755 , 0.62245
1611.18 , 0.378288 , 0.621712
1611.28 , 0.379025 , 0.620975
1611.38 , 0.379761 , 0.620239
1611.48 , 0.380497 , 0.619503
1611.58 , 0.381231 , 0.618769
1611.68 , 0.381965 , 0.618035
1611.78 , 0.382699 , 0.617301
1611.88 , 0.383431 , 0.616569
1611.98 , 0.384163 , 0.615837
1612.08 , 0.384895 , 0.615105
1612.18 , 0.385625 , 0.614375
1612.28 , 0.386355 , 0.613645
1612.38 , 0.387084 , 0.612916
1612.48 , 0.387812 , 0.612188
1612.58 , 0.38854 , 0.61146
1612.68 , 0.389267 , 0.610733
1612.78 , 0.389993 , 0.610007
1612.88 , 0.390719 , 0.609281
1612.98 , 0.391443 , 0.608557
1613.08 , 0.392167 , 0.607833
1613.18 , 0.392891 , 0.607109
1613.28 , 0.393613 , 0.606387
1613.38 , 0.394335 , 0.605665
1613.48 , 0.395056 , 0.604944
1613.58 , 0.395777 , 0.604223
1613.68 , 0.396496 , 0.603504
1613.78 , 0.397215 , 0.602785
1613.88 , 0.397933 , 0.602067
1613.98 , 0.398651 , 0.601349
1614.08 , 0.399367 , 0.600633
1614.18 , 0.400083 , 0.599917
1614.28 , 0.400799 , 0.599201
1614.38 , 0.401513 , 0.598487
1614.48 , 0.402227 , 0.597773
1614.58 , 0.40294 , 0.59706
1614.68 , 0.403652 , 0.596348
1614.78 , 0.404363 , 0.595637
1614.88 , 0.405074 , 0.594926
1614.98 , 0.405784 , 0.594216
1615.08 , 0.406493 , 0.593507
1615.18 , 0.407202 , 0.592798
1615.28 , 0.407909 , 0.592091
1615.38 , 0.408616 , 0.591384
1615.48 , 0.409322 , 0.590678
1615.58 , 0.410028 , 0.589972
1615.68 , 0.410733 , 0.589267
1615.78 , 0.411436 , 0.588564
1615.88 , 0.41214 , 0.58786
1615.98 , 0.412842 , 0.587158
1616.08 , 0.413544 , 0.586456
1616.18 , 0.414244 , 0.585756
1616.28 , 0.414945 , 0.585055
1616.38 , 0.415644 , 0.584356
1616.48 , 0.416342 , 0.583658
1616.58 , 0.41704 , 0.58296
1616.68 , 0.417737 , 0.582263
1616.78 , 0.418433 , 0.581567
1616.88 , 0.419129 , 0.580871
1616.98 , 0.419824 , 0.580176
1617.08 , 0.420518 , 0.579482
1617.18 , 0.421211 , 0.578789
1617.28 , 0.421903 , 0.578097
1617.38 , 0.422595 , 0.577405
1617.48 , 0.423285 , 0.576715
1617.58 , 0.423976 , 0.576024
1617.68 , 0.424665 , 0.575335
1617.78 , 0.425353 , 0.574647
1617.88 , 0.426041 , 0.573959
1617.98 , 0.426728 , 0.573272
1618.08 , 0.427414 , 0.572586
1618.18 , 0.4281 , 0.5719
1618.28 , 0.428784 , 0.571216
1618.38 , 0.429468 , 0.570532
1618.48 , 0.430151 , 0.569849
1618.58 , 0.430833 , 0.569167
1618.68 , 0.431515 , 0.568485
1618.78 , 0.432195 , 0.567805
1618.88 , 0.432875 , 0.567125
1618.98 , 0.433554 , 0.566446
1619.08 , 0.434233 , 0.565767
1619.18 , 0.43491 , 0.56509
1619.28 , 0.435587 , 0.564413
1619.38 , 0.436263 , 0.563737
1619.48 , 0.436938 , 0.563062
1619.58 , 0.437612 , 0.562388
1619.68 , 0.438286 , 0.561714
1619.78 , 0.438959 , 0.561041
1619.88 , 0.439631 , 0.560369
1619.98 , 0.440302 , 0.559698
1620.09 , 0.440972 , 0.559028
1620.19 , 0.441642 , 0.558358
1620.29 , 0.442311 , 0.557689
1620.39 , 0.442979 , 0.557021
1620.49 , 0.443646 , 0.556354
1620.59 , 0.444312 , 0.555688
1620.69 , 0.444978 , 0.555022
1620.79 , 0.445643 , 0.554357
1620.89 , 0.446307 , 0.553693
1620.99 , 0.44697 , 0.55303
1621.09 , 0.447633 , 0.552367
1621.19 , 0.448294 , 0.551706
1621.29 , 0.448955 , 0.551045
1621.39 , 0.449615 , 0.550385
1621.49 , 0.450275 , 0.549725
1621.59 , 0.450933 , 0.549067
1621.69 , 0.451591 , 0.548409
1621.79 , 0.452248 , 0.547752
1621.89 , 0.452904 , 0.547096
1621.99 , 0.453559 , 0.546441
1622.09 , 0.454213 , 0.545787
1622.19 , 0.454867 , 0.545133
1622.29 , 0.45552 , 0.54448
1622.39 , 0.456172 , 0.543828
1622.49 , 0.456823 , 0.543177
1622.59 , 0.457474 , 0.542526
1622.69 , 0.458123 , 0.541877
1622.79 , 0.458772 , 0.541228
1622.89 , 0.45942 , 0.54058
1622.99 , 0.460068 , 0.539932
1623.09 , 0.460714 , 0.539286
1623.19 , 0.46136 , 0.53864
1623.29 , 0.462005 , 0.537995
1623.39 , 0.462649 , 0.537351
1623.49 , 0.463292 , 0.536708
1623.59 , 0.463934 , 0.536066
1623.69 , 0.464576 , 0.535424
1623.79 , 0.465217 , 0.534783
1623.89 , 0.465857 , 0.534143
1623.99 , 0.466496 , 0.533504
1624.09 , 0.467134 , 0.532866
1624.19 , 0.467772 , 0.532228
1624.29 , 0.468409 , 0.531591
1624.39 , 0.469045 , 0.530955
1624.49 , 0.46968 , 0.53032
1624.59 , 0.470314 , 0.529686
1624.69 , 0.470948 , 0.529052
1624.79 , 0.471581 , 0.528419
1624.89 , 0.472213 , 0.527787
1624.99 , 0.472844 , 0.527156
1625.09 , 0.473474 , 0.526526
1625.19 , 0.474104 , 0.525896
1625.29 , 0.474733 , 0.525267
1625.39 , 0.475361 , 0.524639
1625.49 , 0.475988 , 0.524012
1625.59 , 0.476614 , 0.523386
1625.69 , 0.47724 , 0.52276
1625.79 , 0.477864 , 0.522136
1625.89 , 0.478488 , 0.521512
1625.99 , 0.479112 , 0.520888
1626.09 , 0.479734 , 0.520266
1626.19 , 0.480355 , 0.519645
1626.29 , 0.480976 , 0.519024
1626.39 , 0.481596 , 0.518404
1626.49 , 0.482215 , 0.517785
1626.59 , 0.482834 , 0.517166
1626.69 , 0.483451 , 0.516549
1626.79 , 0.484068 , 0.515932
1626.89 , 0.484684 , 0.515316
1626.99 , 0.485299 , 0.514701
1627.09 , 0.485913 , 0.514087
1627.19 , 0.486527 , 0.513473
1627.29 , 0.487139 , 0.512861
1627.39 , 0.487751 , 0.512249
1627.49 , 0.488362 , 0.511638
1627.59 , 0.488973 , 0.511027
1627.69 , 0.489582 , 0.510418
1627.79 , 0.490191 , 0.509809
1627.89 , 0.490799 , 0.509201
1627.99 , 0.491406 , 0.508594
1628.09 , 0.492012 , 0.507988
1628.19 , 0.492617 , 0.507383
1628.29 , 0.493222 , 0.506778
1628.39 , 0.493826 , 0.506174
1628.49 , 0.494429 , 0.505571
1628.59 , 0.495031 , 0.504969
1628.69 , 0.495633 , 0.504367
1628.79 , 0.496234 , 0.503766
1628.89 , 0.496833 , 0.503167
1628.99 , 0.497433 , 0.502567
1629.09 , 0.498031 , 0.501969
1629.19 , 0.498628 , 0.501372
1629.29 , 0.499225 , 0.500775
1629.39 , 0.499821 , 0.500179
1629.49 , 0.500416 , 0.499584
1629.59 , 0.50101 , 0.49899
1629.69 , 0.501604 , 0.498396
1629.79 , 0.502196 , 0.497804
1629.89 , 0.502788 , 0.497212
1629.99 , 0.50338 , 0.49662
1630.09 , 0.50397 , 0.49603
1630.19 , 0.504559 , 0.495441
1630.29 , 0.505148 , 0.494852
1630.39 , 0.505736 , 0.494264
1630.49 , 0.506323 , 0.493677
1630.59 , 0.506909 , 0.493091
1630.69 , 0.507495 , 0.492505
1630.79 , 0.50808 , 0.49192
1630.89 , 0.508664 , 0.491336
1630.99 , 0.509247 , 0.490753
1631.09 , 0.509829 , 0.490171
1631.19 , 0.510411 , 0.489589
1631.29 , 0.510992 , 0.489008
1631.39 , 0.511572 , 0.488428
1631.49 , 0.512151 , 0.487849
1631.59 , 0.512729 , 0.487271
1631.69 , 0.513307 , 0.486693
1631.79 , 0.513884 , 0.486116
1631.89 , 0.51446 , 0.48554
1631.99 , 0.515035 , 0.484965
1632.09 , 0.51561 , 0.48439
1632.19 , 0.516183 , 0.483817
1632.29 , 0.516756 , 0.483244
1632.39 , 0.517328 , 0.482672
1632.49 , 0.5179 , 0.4821
1632.59 , 0.51847 , 0.48153
1632.69 , 0.51904 , 0.48096
1632.79 , 0.519609 , 0.480391
1632.89 , 0.520177 , 0.479823
1632.99 , 0.520745 , 0.479255
1633.09 , 0.521311 , 0.478689
1633.19 , 0.521877 , 0.478123
1633.29 , 0.522442 , 0.477558
1633.39 , 0.523007 , 0.476993
1633.49 , 0.52357 , 0.47643
1633.59 , 0.524133 , 0.475867
1633.69 , 0.524695 , 0.475305
1633.79 , 0.525256 , 0.474744
1633.89 , 0.525816 , 0.474184
1633.99 , 0.526376 , 0.473624
1634.09 , 0.526935 , 0.473065
1634.19 , 0.527493 , 0.472507
1634.29 , 0.52805 , 0.47195
1634.39 , 0.528607 , 0.471393
1634.49 , 0.529163 , 0.470837
1634.59 , 0.529718 , 0.470282
1634.69 , 0.530272 , 0.469728
1634.79 , 0.530825 , 0.469175
1634.89 , 0.531378 , 0.468622
1634.99 , 0.53193 , 0.46807
1635.09 , 0.532481 , 0.467519
1635.19 , 0.533031 , 0.466969
1635.29 , 0.533581 , 0.466419
1635.39 , 0.534129 , 0.465871
1635.49 , 0.534677 , 0.465323
1635.59 , 0.535225 , 0.464775
1635.69 , 0.535771 , 0.464229
1635.79 , 0.536317 , 0.463683
1635.89 , 0.536862 , 0.463138
1635.99 , 0.537406 , 0.462594
1636.09 , 0.537949 , 0.462051
1636.19 , 0.538492 , 0.461508
1636.29 , 0.539034 , 0.460966
1636.39 , 0.539575 , 0.460425
1636.49 , 0.540115 , 0.459885
1636.59 , 0.540655 , 0.459345
1636.69 , 0.541194 , 0.458806
1636.79 , 0.541732 , 0.458268
1636.89 , 0.542269 , 0.457731
1636.99 , 0.542806 , 0.457194
1637.09 , 0.543342 , 0.456658
1637.19 , 0.543877 , 0.456123
1637.29 , 0.544411 , 0.455589
1637.39 , 0.544944 , 0.455056
1637.49 , 0.545477 , 0.454523
1637.59 , 0.546009 , 0.453991
1637.69 , 0.54654 , 0.45346
1637.79 , 0.547071 , 0.452929
1637.89 , 0.547601 , 0.452399
1637.99 , 0.54813 , 0.45187
1638.09 , 0.548658 , 0.451342
1638.19 , 0.549185 , 0.450815
1638.29 , 0.549712 , 0.450288
1638.39 , 0.550238 , 0.449762
1638.49 , 0.550763 , 0.449237
1638.59 , 0.551288 , 0.448712
1638.69 , 0.551811 , 0.448189
1638.79 , 0.552334 , 0.447666
1638.89 , 0.552857 , 0.447143
1638.99 , 0.553378 , 0.446622
1639.09 , 0.553899 , 0.446101
1639.19 , 0.554419 , 0.445581
1639.29 , 0.554938 , 0.445062
1639.39 , 0.555457 , 0.444543
1639.49 , 0.555974 , 0.444026
1639.59 , 0.556491 , 0.443509
1639.69 , 0.557008 , 0.442992
1639.79 , 0.557523 , 0.442477
1639.89 , 0.558038 , 0.441962
1639.99 , 0.558552 , 0.441448
1640.1 , 0.559065 , 0.440935
1640.2 , 0.559578 , 0.440422
1640.3 , 0.56009 , 0.43991
1640.4 , 0.560601 , 0.439399
1640.5 , 0.561111 , 0.438889
1640.6 , 0.561621 , 0.438379
1640.7 , 0.56213 , 0.43787
1640.8 , 0.562638 , 0.437362
1640.9 , 0.563145 , 0.436855
1641 , 0.563652 , 0.436348
1641.1 , 0.564158 , 0.435842
1641.2 , 0.564663 , 0.435337
1641.3 , 0.565168 , 0.434832
1641.4 , 0.565672 , 0.434328
1641.5 , 0.566175 , 0.433825
1641.6 , 0.566677 , 0.433323
1641.7 , 0.567179 , 0.432821
1641.8 , 0.567679 , 0.432321
1641.9 , 0.56818 , 0.43182
1642 , 0.568679 , 0.431321
1642.1 , 0.569178 , 0.430822
1642.2 , 0.569676 , 0.430324
1642.3 , 0.570173 , 0.429827
1642.4 , 0.570669 , 0.429331
1642.5 , 0.571165 , 0.428835
1642.6 , 0.57166 , 0.42834
1642.7 , 0.572155 , 0.427845
1642.8 , 0.572648 , 0.427352
1642.9 , 0.573141 , 0.426859
1643 , 0.573634 , 0.426366
1643.1 , 0.574125 , 0.425875
1643.2 , 0.574616 , 0.425384
1643.3 , 0.575106 , 0.424894
1643.4 , 0.575595 , 0.424405
1643.5 , 0.576084 , 0.423916
1643.6 , 0.576572 , 0.423428
1643.7 , 0.577059 , 0.422941
1643.8 , 0.577546 , 0.422454
1643.9 , 0.578031 , 0.421969
1644 , 0.578516 , 0.421484
1644.1 , 0.579001 , 0.420999
1644.2 , 0.579485 , 0.420515
1644.3 , 0.579968 , 0.420032
1644.4 , 0.58045 , 0.41955
1644.5 , 0.580931 , 0.419069
1644.6 , 0.581412 , 0.418588
1644.7 , 0.581892 , 0.418108
1644.8 , 0.582372 , 0.417628
1644.9 , 0.582851 , 0.417149
1645 , 0.583329 , 0.416671
1645.1 , 0.583806 , 0.416194
1645.2 , 0.584283 , 0.415717
1645.3 , 0.584759 , 0.415241
1645.4 , 0.585234 , 0.414766
1645.5 , 0.585708 , 0.414292
1645.6 , 0.586182 , 0.413818
1645.7 , 0.586655 , 0.413345
1645.8 , 0.587128 , 0.412872
1645.9 , 0.5876 , 0.4124
1646 , 0.588071 , 0.411929
1646.1 , 0.588541 , 0.411459
1646.2 , 0.589011 , 0.410989
1646.3 , 0.58948 , 0.41052
1646.4 , 0.589948 , 0.410052
1646.5 , 0.590416 , 0.409584
1646.6 , 0.590883 , 0.409117
1646.7 , 0.591349 , 0.408651
1646.8 , 0.591815 , 0.408185
1646.9 , 0.59228 , 0.40772
1647 , 0.592744 , 0.407256
1647.1 , 0.593207 , 0.406793
1647.2 , 0.59367 , 0.40633
1647.3 , 0.594132 , 0.405868
1647.4 , 0.594594 , 0.405406
1647.5 , 0.595055 , 0.404945
1647.6 , 0.595515 , 0.404485
1647.7 , 0.595974 , 0.404026
1647.8 , 0.596433 , 0.403567
1647.9 , 0.596891 , 0.403109
1648 , 0.597349 , 0.402651
1648.1 , 0.597805 , 0.402195
1648.2 , 0.598261 , 0.401739
1648.3 , 0.598717 , 0.401283
1648.4 , 0.599172 , 0.400828
1648.5 , 0.599626 , 0.400374
1648.6 , 0.600079 , 0.399921
1648.7 , 0.600532 , 0.399468
1648.8 , 0.600984 , 0.399016
1648.9 , 0.601435 , 0.398565
1649 , 0.601886 , 0.398114
1649.1 , 0.602336 , 0.397664
1649.2 , 0.602785 , 0.397215
1649.3 , 0.603234 , 0.396766
1649.4 , 0.603682 , 0.396318
1649.5 , 0.60413 , 0.39587
1649.6 , 0.604576 , 0.395424
1649.7 , 0.605022 , 0.394978
1649.8 , 0.605468 , 0.394532
1649.9 , 0.605912 , 0.394088
1650 , 0.606357 , 0.393643
