n1, 1.5, n2, 1, n1 / n2, 1.5
Critical Angle (rad), 0.729728 , 0
Brewster Angle (rad), 0.588003 , 0
angle (rad), r_{TE}, t_{TE}, r_{TM}, t_{TM}
0 , 0 , 0 , 0 , 0
0.00785398 , 0 , 0 , 0 , 0
0.015708 , 0 , 0 , 0 , 0
0.0235619 , 0 , 0 , 0 , 0
0.0314159 , 0 , 0 , 0 , 0
0.0392699 , 0 , 0 , 0 , 0
0.0471239 , 0 , 0 , 0 , 0
0.0549779 , 0 , 0 , 0 , 0
0.0628319 , 0 , 0 , 0 , 0
0.0706858 , 0 , 0 , 0 , 0
0.0785398 , 0 , 0 , 0 , 0
0.0863938 , 0 , 0 , 0 , 0
0.0942478 , 0 , 0 , 0 , 0
0.102102 , 0 , 0 , 0 , 0
0.109956 , 0 , 0 , 0 , 0
0.11781 , 0 , 0 , 0 , 0
0.125664 , 0 , 0 , 0 , 0
0.133518 , 0 , 0 , 0 , 0
0.141372 , 0 , 0 , 0 , 0
0.149226 , 0 , 0 , 0 , 0
0.15708 , 0 , 0 , 0 , 0
0.164934 , 0 , 0 , 0 , 0
0.172788 , 0 , 0 , 0 , 0
0.180642 , 0 , 0 , 0 , 0
0.188496 , 0 , 0 , 0 , 0
0.19635 , 0 , 0 , 0 , 0
0.204204 , 0 , 0 , 0 , 0
0.212058 , 0 , 0 , 0 , 0
0.219911 , 0 , 0 , 0 , 0
0.227765 , 0 , 0 , 0 , 0
0.235619 , 0 , 0 , 0 , 0
0.243473 , 0 , 0 , 0 , 0
0.251327 , 0 , 0 , 0 , 0
0.259181 , 0 , 0 , 0 , 0
0.267035 , 0 , 0 , 0 , 0
0.274889 , 0 , 0 , 0 , 0
0.282743 , 0 , 0 , 0 , 0
0.290597 , 0 , 0 , 0 , 0
0.298451 , 0 , 0 , 0 , 0
0.306305 , 0 , 0 , 0 , 0
0.314159 , 0 , 0 , 0 , 0
0.322013 , 0 , 0 , 0 , 0
0.329867 , 0 , 0 , 0 , 0
0.337721 , 0 , 0 , 0 , 0
0.345575 , 0 , 0 , 0 , 0
0.353429 , 0 , 0 , 0 , 0
0.361283 , 0 , 0 , 0 , 0
0.369137 , 0 , 0 , 0 , 0
0.376991 , 0 , 0 , 0 , 0
0.384845 , 0 , 0 , 0 , 0
0.392699 , 0 , 0 , 0 , 0
0.400553 , 0 , 0 , 0 , 0
0.408407 , 0 , 0 , 0 , 0
0.416261 , 0 , 0 , 0 , 0
0.424115 , 0 , 0 , 0 , 0
0.431969 , 0 , 0 , 0 , 0
0.439823 , 0 , 0 , 0 , 0
0.447677 , 0 , 0 , 0 , 0
0.455531 , 0 , 0 , 0 , 0
0.463385 , 0 , 0 , 0 , 0
0.471239 , 0 , 0 , 0 , 0
0.479093 , 0 , 0 , 0 , 0
0.486947 , 0 , 0 , 0 , 0
0.494801 , 0 , 0 , 0 , 0
0.502655 , 0 , 0 , 0 , 0
0.510509 , 0 , 0 , 0 , 0
0.518363 , 0 , 0 , 0 , 0
0.526217 , 0 , 0 , 0 , 0
0.534071 , 0 , 0 , 0 , 0
0.541925 , 0 , 0 , 0 , 0
0.549779 , 0 , 0 , 0 , 0
0.557633 , 0 , 0 , 0 , 0
0.565487 , 0 , 0 , 0 , 0
0.573341 , 0 , 0 , 0 , 0
0.581195 , 0 , 0 , 0 , 0
0.589049 , 0 , 0 , 0 , 0
0.596903 , 0 , 0 , 0 , 0
0.604757 , 0 , 0 , 0 , 0
0.612611 , 0 , 0 , 0 , 0
0.620465 , 0 , 0 , 0 , 0
0.628319 , 0 , 0 , 0 , 0
0.636173 , 0 , 0 , 0 , 0
0.644026 , 0 , 0 , 0 , 0
0.65188 , 0 , 0 , 0 , 0
0.659734 , 0 , 0 , 0 , 0
0.667588 , 0 , 0 , 0 , 0
0.675442 , 0 , 0 , 0 , 0
0.683296 , 0 , 0 , 0 , 0
0.69115 , 0 , 0 , 0 , 0
0.699004 , 0 , 0 , 0 , 0
0.706858 , 0 , 0 , 0 , 0
0.714712 , 0 , 0 , 0 , 0
0.722566 , 0 , 0 , 0 , 0
0.73042 , -0.0703586 , -0.0703586 , -0.157514 , -0.236271
0.738274 , -0.245506 , -0.245506 , -0.520059 , -0.780089
0.746128 , -0.337776 , -0.337776 , -0.678942 , -1.01841
0.753982 , -0.407908 , -0.407908 , -0.779991 , -1.16999
0.761836 , -0.465987 , -0.465987 , -0.84964 , -1.27446
0.76969 , -0.516082 , -0.516082 , -0.899164 , -1.34875
0.777544 , -0.560325 , -0.560325 , -0.934691 , -1.40204
0.785398 , -0.6 , -0.6 , -0.96 , -1.44
0.793252 , -0.635954 , -0.635954 , -0.977602 , -1.4664
0.801106 , -0.66878 , -0.66878 , -0.989257 , -1.48389
0.80896 , -0.698911 , -0.698911 , -0.996242 , -1.49436
0.816814 , -0.726679 , -0.726679 , -0.999511 , -1.49927
0.824668 , -0.752341 , -0.752341 , -0.999794 , -1.49969
0.832522 , -0.776104 , -0.776104 , -0.997658 , -1.49649
0.840376 , -0.798135 , -0.798135 , -0.993548 , -1.49032
0.84823 , -0.818575 , -0.818575 , -0.987822 , -1.48173
0.856084 , -0.837539 , -0.837539 , -0.980765 , -1.47115
0.863938 , -0.855127 , -0.855127 , -0.972613 , -1.45892
0.871792 , -0.871426 , -0.871426 , -0.963556 , -1.44533
0.879646 , -0.886508 , -0.886508 , -0.953752 , -1.43063
0.8875 , -0.900439 , -0.900439 , -0.943333 , -1.415
0.895354 , -0.913276 , -0.913276 , -0.932406 , -1.39861
0.903208 , -0.925069 , -0.925069 , -0.921064 , -1.3816
0.911062 , -0.935865 , -0.935865 , -0.909383 , -1.36407
0.918916 , -0.945704 , -0.945704 , -0.897428 , -1.34614
0.92677 , -0.954623 , -0.954623 , -0.885254 , -1.32788
0.934624 , -0.962656 , -0.962656 , -0.872908 , -1.30936
0.942478 , -0.969833 , -0.969833 , -0.860428 , -1.29064
0.950332 , -0.976183 , -0.976183 , -0.847848 , -1.27177
0.958186 , -0.981731 , -0.981731 , -0.835197 , -1.2528
0.96604 , -0.986503 , -0.986503 , -0.822499 , -1.23375
0.973894 , -0.990519 , -0.990519 , -0.809775 , -1.21466
0.981748 , -0.993801 , -0.993801 , -0.797043 , -1.19556
0.989602 , -0.99637 , -0.99637 , -0.784317 , -1.17648
0.997456 , -0.998242 , -0.998242 , -0.771611 , -1.15742
1.00531 , -0.999435 , -0.999435 , -0.758935 , -1.1384
1.01316 , -0.999967 , -0.999967 , -0.746299 , -1.11945
1.02102 , -0.999852 , -0.999852 , -0.73371 , -1.10057
1.02887 , -0.999106 , -0.999106 , -0.721175 , -1.08176
1.03673 , -0.997742 , -0.997742 , -0.7087 , -1.06305
1.04458 , -0.995775 , -0.995775 , -0.696288 , -1.04443
1.05243 , -0.993217 , -0.993217 , -0.683943 , -1.02591
1.06029 , -0.990081 , -0.990081 , -0.671669 , -1.0075
1.06814 , -0.986379 , -0.986379 , -0.659468 , -0.989203
1.076 , -0.982123 , -0.982123 , -0.647342 , -0.971013
1.08385 , -0.977324 , -0.977324 , -0.635292 , -0.952938
1.0917 , -0.971993 , -0.971993 , -0.623319 , -0.934978
1.09956 , -0.966141 , -0.966141 , -0.611423 , -0.917135
1.10741 , -0.959779 , -0.959779 , -0.599606 , -0.899409
1.11527 , -0.952917 , -0.952917 , -0.587867 , -0.8818
1.12312 , -0.945564 , -0.945564 , -0.576205 , -0.864308
1.13097 , -0.937731 , -0.937731 , -0.564621 , -0.846932
1.13883 , -0.929427 , -0.929427 , -0.553114 , -0.829671
1.14668 , -0.920662 , -0.920662 , -0.541683 , -0.812525
1.15454 , -0.911445 , -0.911445 , -0.530327 , -0.795491
1.16239 , -0.901785 , -0.901785 , -0.519046 , -0.778569
1.17024 , -0.891692 , -0.891692 , -0.507838 , -0.761757
1.1781 , -0.881174 , -0.881174 , -0.496702 , -0.745053
1.18595 , -0.87024 , -0.87024 , -0.485637 , -0.728456
1.19381 , -0.8589 , -0.8589 , -0.474642 , -0.711963
1.20166 , -0.847161 , -0.847161 , -0.463715 , -0.695573
1.20951 , -0.835033 , -0.835033 , -0.452855 , -0.679282
1.21737 , -0.822524 , -0.822524 , -0.44206 , -0.66309
1.22522 , -0.809642 , -0.809642 , -0.43133 , -0.646995
1.23308 , -0.796397 , -0.796397 , -0.420662 , -0.630993
1.24093 , -0.782796 , -0.782796 , -0.410055 , -0.615082
1.24878 , -0.768847 , -0.768847 , -0.399508 , -0.599261
1.25664 , -0.75456 , -0.75456 , -0.389018 , -0.583527
1.26449 , -0.739943 , -0.739943 , -0.378586 , -0.567878
1.27235 , -0.725004 , -0.725004 , -0.368208 , -0.552312
1.2802 , -0.70975 , -0.70975 , -0.357884 , -0.536826
1.28805 , -0.694192 , -0.694192 , -0.347612 , -0.521417
1.29591 , -0.678336 , -0.678336 , -0.33739 , -0.506084
1.30376 , -0.66219 , -0.66219 , -0.327217 , -0.490825
1.31161 , -0.645764 , -0.645764 , -0.317091 , -0.475637
1.31947 , -0.629066 , -0.629066 , -0.307011 , -0.460517
1.32732 , -0.612103 , -0.612103 , -0.296976 , -0.445464
1.33518 , -0.594884 , -0.594884 , -0.286983 , -0.430475
1.34303 , -0.577417 , -0.577417 , -0.277032 , -0.415548
1.35088 , -0.55971 , -0.55971 , -0.267121 , -0.400681
1.35874 , -0.541771 , -0.541771 , -0.257248 , -0.385871
1.36659 , -0.52361 , -0.52361 , -0.247411 , -0.371117
1.37445 , -0.505233 , -0.505233 , -0.237611 , -0.356416
1.3823 , -0.486649 , -0.486649 , -0.227844 , -0.341766
1.39015 , -0.467866 , -0.467866 , -0.21811 , -0.327165
1.39801 , -0.448893 , -0.448893 , -0.208406 , -0.31261
1.40586 , -0.429738 , -0.429738 , -0.198733 , -0.298099
1.41372 , -0.410409 , -0.410409 , -0.189088 , -0.283632
1.42157 , -0.390913 , -0.390913 , -0.179469 , -0.269204
1.42942 , -0.371261 , -0.371261 , -0.169876 , -0.254814
1.43728 , -0.351459 , -0.351459 , -0.160307 , -0.240461
1.44513 , -0.331516 , -0.331516 , -0.150761 , -0.226142
1.45299 , -0.31144 , -0.31144 , -0.141236 , -0.211854
1.46084 , -0.29124 , -0.29124 , -0.131731 , -0.197597
1.46869 , -0.270923 , -0.270923 , -0.122245 , -0.183367
1.47655 , -0.250498 , -0.250498 , -0.112775 , -0.169163
1.4844 , -0.229974 , -0.229974 , -0.103322 , -0.154983
1.49226 , -0.209358 , -0.209358 , -0.0938829 , -0.140824
1.50011 , -0.188659 , -0.188659 , -0.0844571 , -0.126686
1.50796 , -0.167886 , -0.167886 , -0.0750432 , -0.112565
1.51582 , -0.147046 , -0.147046 , -0.0656399 , -0.0984598
1.52367 , -0.126147 , -0.126147 , -0.0562457 , -0.0843685
1.53153 , -0.105199 , -0.105199 , -0.0468594 , -0.0702891
1.53938 , -0.084209 , -0.084209 , -0.0374797 , -0.0562195
1.54723 , -0.0631859 , -0.0631859 , -0.0281052 , -0.0421577
1.55509 , -0.0421378 , -0.0421378 , -0.0187346 , -0.0281019
1.56294 , -0.0210731 , -0.0210731 , -0.00936664 , -0.01405
1.5708 , -1.50595e-14 , -1.50595e-14 , -6.69311e-15 , -1.00397e-14
1.57865 , 0.0210731 , 0.0210731 , 0.00936664 , 0.01405
