1.52 , 1 , 3.47948 , 1.44464 , 2.00704 , 0.210998 , 0.393117
1.52035 , 1 , 3.47945 , 1.44463 , 2.00704 , 0.239704 , 0.378815
1.5207 , 1 , 3.47941 , 1.44463 , 2.00704 , 0.266424 , 0.365501
1.52105 , 1 , 3.47937 , 1.44462 , 2.00704 , 0.290562 , 0.353475
1.5214 , 1 , 3.47934 , 1.44462 , 2.00704 , 0.311707 , 0.342939
1.52175 , 1 , 3.4793 , 1.44461 , 2.00704 , 0.329599 , 0.334025
1.5221 , 1 , 3.47927 , 1.44461 , 2.00704 , 0.344083 , 0.326808
1.52245 , 1 , 3.47923 , 1.44461 , 2.00704 , 0.355071 , 0.321333
1.5228 , 1 , 3.4792 , 1.4446 , 2.00704 , 0.362521 , 0.317621
1.52315 , 1 , 3.47916 , 1.4446 , 2.00704 , 0.36641 , 0.315684
1.5235 , 1 , 3.47912 , 1.44459 , 2.00704 , 0.366723 , 0.315528
1.52385 , 1 , 3.47909 , 1.44459 , 2.00704 , 0.363448 , 0.31716
1.5242 , 1 , 3.47905 , 1.44459 , 2.00704 , 0.356571 , 0.320586
1.52455 , 1 , 3.47902 , 1.44458 , 2.00704 , 0.346086 , 0.32581
1.5249 , 1 , 3.47898 , 1.44458 , 2.00704 , 0.332005 , 0.332826
1.52525 , 1 , 3.47895 , 1.44457 , 2.00704 , 0.314379 , 0.341608
1.5256 , 1 , 3.47891 , 1.44457 , 2.00704 , 0.293325 , 0.352098
1.52595 , 1 , 3.47888 , 1.44457 , 2.00704 , 0.269068 , 0.364184
1.5263 , 1 , 3.47884 , 1.44456 , 2.00704 , 0.241988 , 0.377677
1.52665 , 1 , 3.47881 , 1.44456 , 2.00704 , 0.212669 , 0.392285
1.527 , 1 , 3.47877 , 1.44455 , 2.00704 , 0.181952 , 0.407589
1.52735 , 1 , 3.47874 , 1.44455 , 2.00704 , 0.150973 , 0.423025
1.5277 , 1 , 3.4787 , 1.44454 , 2.00704 , 0.121157 , 0.43788
1.52805 , 1 , 3.47867 , 1.44454 , 2.00704 , 0.0941715 , 0.451326
1.5284 , 1 , 3.47863 , 1.44454 , 2.00704 , 0.0717915 , 0.462476
1.52875 , 1 , 3.4786 , 1.44453 , 2.00704 , 0.0557061 , 0.470491
1.5291 , 1 , 3.47856 , 1.44453 , 2.00704 , 0.0472749 , 0.474692
1.52945 , 1 , 3.47853 , 1.44452 , 2.00704 , 0.0472986 , 0.47468
1.5298 , 1 , 3.47849 , 1.44452 , 2.00704 , 0.0558694 , 0.470409
1.53015 , 1 , 3.47846 , 1.44452 , 2.00704 , 0.07235 , 0.462198
1.5305 , 1 , 3.47843 , 1.44451 , 2.00704 , 0.0954901 , 0.450669
1.53085 , 1 , 3.47839 , 1.44451 , 2.00704 , 0.123641 , 0.436643
1.5312 , 1 , 3.4783 , 1.4445 , 2.00704 , 0.156487 , 0.420277
1.53155 , 1 , 3.47826 , 1.4445 , 2.00704 , 0.189397 , 0.40388
1.5319 , 1 , 3.47823 , 1.44449 , 2.00704 , 0.222204 , 0.387534
1.53225 , 1 , 3.47819 , 1.44449 , 2.00704 , 0.253695 , 0.371844
1.5326 , 1 , 3.47816 , 1.44449 , 2.00704 , 0.282961 , 0.357262
1.53295 , 1 , 3.47812 , 1.44448 , 2.00704 , 0.309368 , 0.344105
1.5333 , 1 , 3.47808 , 1.44448 , 2.00704 , 0.332504 , 0.332577
1.53365 , 1 , 3.47805 , 1.44447 , 2.00704 , 0.352126 , 0.322801
1.534 , 1 , 3.47801 , 1.44447 , 2.00704 , 0.368104 , 0.31484
1.53435 , 1 , 3.47798 , 1.44447 , 2.00704 , 0.380381 , 0.308723
1.5347 , 1 , 3.47794 , 1.44446 , 2.00704 , 0.38894 , 0.304458
1.53505 , 1 , 3.47791 , 1.44446 , 2.00704 , 0.393778 , 0.302048
1.5354 , 1 , 3.47787 , 1.44445 , 2.00704 , 0.394893 , 0.301492
1.53575 , 1 , 3.47784 , 1.44445 , 2.00704 , 0.392274 , 0.302797
1.5361 , 1 , 3.4778 , 1.44444 , 2.00704 , 0.385898 , 0.305974
1.53645 , 1 , 3.47776 , 1.44444 , 2.00704 , 0.375734 , 0.311038
1.5368 , 1 , 3.47773 , 1.44444 , 2.00704 , 0.361756 , 0.318002
1.53715 , 1 , 3.47769 , 1.44443 , 2.00704 , 0.343964 , 0.326868
1.5375 , 1 , 3.47766 , 1.44443 , 2.00704 , 0.322406 , 0.337608
1.53785 , 1 , 3.47762 , 1.44442 , 2.00704 , 0.297231 , 0.350152
1.5382 , 1 , 3.47759 , 1.44442 , 2.00704 , 0.268734 , 0.364351
1.53855 , 1 , 3.47755 , 1.44442 , 2.00704 , 0.237423 , 0.379951
1.5389 , 1 , 3.47752 , 1.44441 , 2.00704 , 0.204091 , 0.396558
1.53925 , 1 , 3.47748 , 1.44441 , 2.00704 , 0.169879 , 0.413605
1.5396 , 1 , 3.47745 , 1.4444 , 2.00704 , 0.136297 , 0.430337
1.53995 , 1 , 3.47741 , 1.4444 , 2.00704 , 0.105205 , 0.445828
1.5403 , 1 , 3.47738 , 1.44439 , 2.00704 , 0.0786784 , 0.459045
1.54065 , 1 , 3.47734 , 1.44439 , 2.00704 , 0.0587943 , 0.468952
1.541 , 1 , 3.47731 , 1.44439 , 2.00704 , 0.0473208 , 0.474669
1.54135 , 1 , 3.47727 , 1.44438 , 2.00704 , 0.0454047 , 0.475623
1.5417 , 1 , 3.47724 , 1.44438 , 2.00704 , 0.0533392 , 0.47167
1.54205 , 1 , 3.4772 , 1.44437 , 2.00704 , 0.0704977 , 0.463121
1.5424 , 1 , 3.47717 , 1.44437 , 2.00704 , 0.0954601 , 0.450684
1.54275 , 1 , 3.47713 , 1.44437 , 2.00704 , 0.126283 , 0.435326
1.5431 , 1 , 3.4771 , 1.44436 , 2.00704 , 0.160827 , 0.418115
1.54345 , 1 , 3.47706 , 1.44436 , 2.00704 , 0.197041 , 0.400071
1.5438 , 1 , 3.47703 , 1.44435 , 2.00704 , 0.233158 , 0.382076
1.54415 , 1 , 3.47699 , 1.44435 , 2.00704 , 0.267784 , 0.364824
1.5445 , 1 , 3.47696 , 1.44434 , 2.00704 , 0.299907 , 0.348819
1.54485 , 1 , 3.47692 , 1.44434 , 2.00704 , 0.328849 , 0.334398
1.5452 , 1 , 3.47689 , 1.44434 , 2.00704 , 0.354197 , 0.321769
1.54555 , 1 , 3.47685 , 1.44433 , 2.00704 , 0.375729 , 0.311041
1.5459 , 1 , 3.47682 , 1.44433 , 2.00704 , 0.393351 , 0.302261
1.54625 , 1 , 3.47678 , 1.44432 , 2.00704 , 0.407045 , 0.295437
1.5466 , 1 , 3.47675 , 1.44432 , 2.00704 , 0.416829 , 0.290563
1.54695 , 1 , 3.47671 , 1.44432 , 2.00704 , 0.42273 , 0.287623
1.5473 , 1 , 3.47668 , 1.44431 , 2.00704 , 0.424763 , 0.28661
1.54765 , 1 , 3.47664 , 1.44431 , 2.00704 , 0.422924 , 0.287526
1.548 , 1 , 3.47661 , 1.4443 , 2.00704 , 0.417184 , 0.290386
1.54835 , 1 , 3.47657 , 1.4443 , 2.00704 , 0.407493 , 0.295214
1.5487 , 1 , 3.47654 , 1.44429 , 2.00704 , 0.393787 , 0.302043
1.54905 , 1 , 3.47651 , 1.44429 , 2.00704 , 0.376008 , 0.310902
1.5494 , 1 , 3.47647 , 1.44429 , 2.00704 , 0.354134 , 0.3218
1.54975 , 1 , 3.47644 , 1.44428 , 2.00704 , 0.328219 , 0.334712
1.5501 , 1 , 3.4764 , 1.44428 , 2.00704 , 0.298455 , 0.349542
1.55045 , 1 , 3.47637 , 1.44427 , 2.00704 , 0.265248 , 0.366087
1.5508 , 1 , 3.47633 , 1.44427 , 2.00704 , 0.229307 , 0.383995
1.55115 , 1 , 3.4763 , 1.44426 , 2.00704 , 0.191739 , 0.402713
1.5515 , 1 , 3.47626 , 1.44426 , 2.00704 , 0.154119 , 0.421457
1.55185 , 1 , 3.47623 , 1.44426 , 2.00704 , 0.118489 , 0.439209
1.5522 , 1 , 3.4762 , 1.44425 , 2.00704 , 0.0872651 , 0.454767
1.55255 , 1 , 3.47616 , 1.44425 , 2.00704 , 0.062986 , 0.466864
1.5529 , 1 , 3.47613 , 1.44424 , 2.00704 , 0.0479394 , 0.474361
1.55325 , 1 , 3.47609 , 1.44424 , 2.00704 , 0.0437306 , 0.476458
1.5536 , 1 , 3.47606 , 1.44424 , 2.00704 , 0.0509308 , 0.47287
1.55395 , 1 , 3.47603 , 1.44423 , 2.00704 , 0.0689388 , 0.463898
1.5543 , 1 , 3.47599 , 1.44423 , 2.00704 , 0.0961135 , 0.450358
1.55465 , 1 , 3.47596 , 1.44422 , 2.00704 , 0.130125 , 0.433412
1.555 , 1 , 3.47592 , 1.44422 , 2.00704 , 0.168393 , 0.414345
1.55535 , 1 , 3.47589 , 1.44421 , 2.00704 , 0.208465 , 0.394379
1.5557 , 1 , 3.47586 , 1.44421 , 2.00704 , 0.248273 , 0.374545
1.55605 , 1 , 3.47582 , 1.44421 , 2.00704 , 0.286237 , 0.35563
1.5564 , 1 , 3.47579 , 1.4442 , 2.00704 , 0.321255 , 0.338182
1.55675 , 1 , 3.47575 , 1.4442 , 2.00704 , 0.352633 , 0.322548
1.5571 , 1 , 3.47572 , 1.44419 , 2.00704 , 0.379988 , 0.308919
1.55745 , 1 , 3.47569 , 1.44419 , 2.00704 , 0.40315 , 0.297378
1.5578 , 1 , 3.47565 , 1.44419 , 2.00704 , 0.422087 , 0.287943
1.55815 , 1 , 3.47562 , 1.44418 , 2.00704 , 0.436836 , 0.280594
1.5585 , 1 , 3.47559 , 1.44418 , 2.00704 , 0.447465 , 0.275299
1.55885 , 1 , 3.47555 , 1.44417 , 2.00704 , 0.454036 , 0.272024
1.5592 , 1 , 3.47552 , 1.44417 , 2.00704 , 0.456591 , 0.270752
1.55955 , 1 , 3.47548 , 1.44416 , 2.00704 , 0.455134 , 0.271478
1.5599 , 1 , 3.47545 , 1.44416 , 2.00704 , 0.44963 , 0.27422
1.56025 , 1 , 3.47542 , 1.44416 , 2.00704 , 0.440008 , 0.279014
1.5606 , 1 , 3.47538 , 1.44415 , 2.00704 , 0.426164 , 0.285912
1.56095 , 1 , 3.47535 , 1.44415 , 2.00704 , 0.407983 , 0.29497
1.5613 , 1 , 3.47532 , 1.44414 , 2.00704 , 0.385365 , 0.306239
1.56165 , 1 , 3.47528 , 1.44414 , 2.00704 , 0.358273 , 0.319738
1.562 , 1 , 3.47525 , 1.44413 , 2.00704 , 0.326794 , 0.335422
1.56235 , 1 , 3.47522 , 1.44413 , 2.00704 , 0.291236 , 0.353139
1.5627 , 1 , 3.47518 , 1.44413 , 2.00704 , 0.252242 , 0.372568
1.56305 , 1 , 3.47515 , 1.44412 , 2.00704 , 0.210917 , 0.393157
1.5634 , 1 , 3.47512 , 1.44412 , 2.00704 , 0.168951 , 0.414067
1.56375 , 1 , 3.47508 , 1.44411 , 2.00704 , 0.128662 , 0.434141
1.5641 , 1 , 3.47505 , 1.44411 , 2.00704 , 0.0929137 , 0.451952
1.56445 , 1 , 3.47502 , 1.44411 , 2.00704 , 0.064832 , 0.465944
1.5648 , 1 , 3.47498 , 1.4441 , 2.00704 , 0.0473126 , 0.474673
1.56515 , 1 , 3.47495 , 1.4441 , 2.00704 , 0.0424241 , 0.477109
1.5655 , 1 , 3.47492 , 1.44409 , 2.00704 , 0.0509027 , 0.472884
1.56585 , 1 , 3.47488 , 1.44409 , 2.00704 , 0.0719509 , 0.462397
1.5662 , 1 , 3.47485 , 1.44408 , 2.00704 , 0.103436 , 0.44671
1.56655 , 1 , 3.47482 , 1.44408 , 2.00704 , 0.142398 , 0.427297
1.5669 , 1 , 3.47478 , 1.44408 , 2.00704 , 0.185656 , 0.405744
1.56725 , 1 , 3.47475 , 1.44407 , 2.00704 , 0.230308 , 0.383496
1.5676 , 1 , 3.47472 , 1.44407 , 2.00704 , 0.274018 , 0.361718
1.56795 , 1 , 3.47468 , 1.44406 , 2.00704 , 0.315106 , 0.341246
1.5683 , 1 , 3.47465 , 1.44406 , 2.00704 , 0.352486 , 0.322621
1.56865 , 1 , 3.47462 , 1.44405 , 2.00704 , 0.38555 , 0.306147
1.569 , 1 , 3.47459 , 1.44405 , 2.00704 , 0.414027 , 0.291959
1.56935 , 1 , 3.47455 , 1.44405 , 2.00704 , 0.437861 , 0.280083
1.5697 , 1 , 3.47452 , 1.44404 , 2.00704 , 0.457122 , 0.270487
1.57005 , 1 , 3.4745 , 1.44404 , 2.00704 , 0.47184 , 0.263154
1.5704 , 1 , 3.47446 , 1.44403 , 2.00704 , 0.48235 , 0.257917
1.57075 , 1 , 3.47443 , 1.44403 , 2.00704 , 0.488638 , 0.254784
1.5711 , 1 , 3.4744 , 1.44403 , 2.00704 , 0.490764 , 0.253725
1.57145 , 1 , 3.47437 , 1.44402 , 2.00704 , 0.488734 , 0.254736
1.5718 , 1 , 3.47433 , 1.44402 , 2.00704 , 0.482497 , 0.257844
1.57215 , 1 , 3.4743 , 1.44401 , 2.00704 , 0.471943 , 0.263102
1.5725 , 1 , 3.47427 , 1.44401 , 2.00704 , 0.456918 , 0.270588
1.57285 , 1 , 3.47424 , 1.444 , 2.00704 , 0.437234 , 0.280396
1.5732 , 1 , 3.4742 , 1.444 , 2.00704 , 0.412706 , 0.292617
1.57355 , 1 , 3.47417 , 1.444 , 2.00704 , 0.3832 , 0.307318
1.5739 , 1 , 3.47414 , 1.44399 , 2.00704 , 0.348717 , 0.324499
1.57425 , 1 , 3.47411 , 1.44399 , 2.00704 , 0.309507 , 0.344036
1.5746 , 1 , 3.47408 , 1.44398 , 2.00704 , 0.266227 , 0.365599
1.57495 , 1 , 3.47404 , 1.44398 , 2.00704 , 0.220127 , 0.388569
1.5753 , 1 , 3.47401 , 1.44397 , 2.00704 , 0.173224 , 0.411938
1.57565 , 1 , 3.47398 , 1.44397 , 2.00704 , 0.128393 , 0.434275
1.576 , 1 , 3.47395 , 1.44397 , 2.00704 , 0.0892544 , 0.453776
1.57635 , 1 , 3.47391 , 1.44396 , 2.00704 , 0.0597541 , 0.468474
1.5767 , 1 , 3.47388 , 1.44396 , 2.00704 , 0.0434323 , 0.476606
1.57705 , 1 , 3.47385 , 1.44395 , 2.00704 , 0.0425577 , 0.477042
1.5774 , 1 , 3.47382 , 1.44395 , 2.00704 , 0.0574758 , 0.469609
1.57775 , 1 , 3.47379 , 1.44394 , 2.00704 , 0.0864899 , 0.455153
1.5781 , 1 , 3.47375 , 1.44394 , 2.00704 , 0.126343 , 0.435296
1.57845 , 1 , 3.47372 , 1.44394 , 2.00704 , 0.173056 , 0.412022
1.5788 , 1 , 3.47369 , 1.44393 , 2.00704 , 0.222758 , 0.387258
1.57915 , 1 , 3.47366 , 1.44393 , 2.00704 , 0.272239 , 0.362604
1.5795 , 1 , 3.47363 , 1.44392 , 2.00704 , 0.319165 , 0.339223
1.57985 , 1 , 3.4736 , 1.44392 , 2.00704 , 0.362051 , 0.317856
1.5802 , 1 , 3.47356 , 1.44392 , 2.00704 , 0.400086 , 0.298905
1.58055 , 1 , 3.47353 , 1.44391 , 2.00704 , 0.432942 , 0.282534
1.5809 , 1 , 3.4735 , 1.44391 , 2.00704 , 0.460591 , 0.268758
1.58125 , 1 , 3.47347 , 1.4439 , 2.00704 , 0.483173 , 0.257507
1.5816 , 1 , 3.47344 , 1.4439 , 2.00704 , 0.500893 , 0.248678
1.58195 , 1 , 3.47341 , 1.44389 , 2.00704 , 0.513966 , 0.242165
1.5823 , 1 , 3.47337 , 1.44389 , 2.00704 , 0.522571 , 0.237877
1.58265 , 1 , 3.47334 , 1.44389 , 2.00704 , 0.526828 , 0.235756
1.583 , 1 , 3.47331 , 1.44388 , 2.00704 , 0.526788 , 0.235776
1.58335 , 1 , 3.47328 , 1.44388 , 2.00704 , 0.522421 , 0.237952
1.5837 , 1 , 3.47325 , 1.44387 , 2.00704 , 0.513619 , 0.242337
1.58405 , 1 , 3.47322 , 1.44387 , 2.00704 , 0.500196 , 0.249025
1.5844 , 1 , 3.47319 , 1.44386 , 2.00704 , 0.4819 , 0.258141
1.58475 , 1 , 3.47315 , 1.44386 , 2.00704 , 0.458434 , 0.269833
1.5851 , 1 , 3.47312 , 1.44386 , 2.00704 , 0.429503 , 0.284248
1.58545 , 1 , 3.47309 , 1.44385 , 2.00704 , 0.394882 , 0.301498
1.5858 , 1 , 3.47306 , 1.44385 , 2.00704 , 0.354542 , 0.321597
1.58615 , 1 , 3.47303 , 1.44384 , 2.00704 , 0.308824 , 0.344376
1.5865 , 1 , 3.473 , 1.44384 , 2.00704 , 0.258688 , 0.369356
1.58685 , 1 , 3.47297 , 1.44383 , 2.00704 , 0.205999 , 0.395608
1.5872 , 1 , 3.47294 , 1.44383 , 2.00704 , 0.153771 , 0.42163
1.58755 , 1 , 3.4729 , 1.44383 , 2.00704 , 0.106213 , 0.445326
1.5879 , 1 , 3.47287 , 1.44382 , 2.00704 , 0.0683603 , 0.464186
1.58825 , 1 , 3.47284 , 1.44382 , 2.00704 , 0.0451689 , 0.475741
1.5886 , 1 , 3.47281 , 1.44381 , 2.00704 , 0.0402235 , 0.478205
1.58895 , 1 , 3.47278 , 1.44381 , 2.00704 , 0.0545843 , 0.47105
1.5893 , 1 , 3.47275 , 1.4438 , 2.00704 , 0.086396 , 0.4552
1.58965 , 1 , 3.47272 , 1.4438 , 2.00704 , 0.131499 , 0.432727
1.59 , 1 , 3.47269 , 1.4438 , 2.00704 , 0.184691 , 0.406225
