1.52 , 1 , 3.47948 , 1.44464 , 2.00704 , 0.1606 , 0.418228
1.52035 , 1 , 3.47945 , 1.44463 , 2.00704 , 0.175762 , 0.410673
1.5207 , 1 , 3.47941 , 1.44463 , 2.00704 , 0.191002 , 0.40308
1.52105 , 1 , 3.47937 , 1.44462 , 2.00704 , 0.206169 , 0.395523
1.5214 , 1 , 3.47934 , 1.44462 , 2.00704 , 0.22113 , 0.388069
1.52175 , 1 , 3.4793 , 1.44461 , 2.00704 , 0.235766 , 0.380777
1.5221 , 1 , 3.47927 , 1.44461 , 2.00704 , 0.249972 , 0.373699
1.52245 , 1 , 3.47923 , 1.44461 , 2.00704 , 0.263659 , 0.366879
1.5228 , 1 , 3.4792 , 1.4446 , 2.00704 , 0.27675 , 0.360356
1.52315 , 1 , 3.47916 , 1.4446 , 2.00704 , 0.289183 , 0.354162
1.5235 , 1 , 3.47912 , 1.44459 , 2.00704 , 0.300905 , 0.348321
1.52385 , 1 , 3.47909 , 1.44459 , 2.00704 , 0.311875 , 0.342856
1.5242 , 1 , 3.47905 , 1.44459 , 2.00704 , 0.322057 , 0.337783
1.52455 , 1 , 3.47902 , 1.44458 , 2.00704 , 0.331426 , 0.333114
1.5249 , 1 , 3.47898 , 1.44458 , 2.00704 , 0.339961 , 0.328862
1.52525 , 1 , 3.47895 , 1.44457 , 2.00704 , 0.347647 , 0.325032
1.5256 , 1 , 3.47891 , 1.44457 , 2.00704 , 0.354473 , 0.321631
1.52595 , 1 , 3.47888 , 1.44457 , 2.00704 , 0.360429 , 0.318664
1.5263 , 1 , 3.47884 , 1.44456 , 2.00704 , 0.365509 , 0.316133
1.52665 , 1 , 3.47881 , 1.44456 , 2.00704 , 0.36971 , 0.31404
1.527 , 1 , 3.47877 , 1.44455 , 2.00704 , 0.373026 , 0.312387
1.52735 , 1 , 3.47874 , 1.44455 , 2.00704 , 0.375456 , 0.311177
1.5277 , 1 , 3.4787 , 1.44454 , 2.00704 , 0.376995 , 0.31041
1.52805 , 1 , 3.47867 , 1.44454 , 2.00704 , 0.377642 , 0.310087
1.5284 , 1 , 3.47863 , 1.44454 , 2.00704 , 0.377393 , 0.310212
1.52875 , 1 , 3.4786 , 1.44453 , 2.00704 , 0.376244 , 0.310784
1.5291 , 1 , 3.47856 , 1.44453 , 2.00704 , 0.374192 , 0.311806
1.52945 , 1 , 3.47853 , 1.44452 , 2.00704 , 0.371233 , 0.313281
1.5298 , 1 , 3.47849 , 1.44452 , 2.00704 , 0.367363 , 0.315209
1.53015 , 1 , 3.47846 , 1.44452 , 2.00704 , 0.362577 , 0.317594
1.5305 , 1 , 3.47843 , 1.44451 , 2.00704 , 0.356873 , 0.320435
1.53085 , 1 , 3.47839 , 1.44451 , 2.00704 , 0.35025 , 0.323735
1.5312 , 1 , 3.4783 , 1.4445 , 2.00704 , 0.342344 , 0.327674
1.53155 , 1 , 3.47826 , 1.4445 , 2.00704 , 0.333832 , 0.331916
1.5319 , 1 , 3.47823 , 1.44449 , 2.00704 , 0.324409 , 0.336611
1.53225 , 1 , 3.47819 , 1.44449 , 2.00704 , 0.314087 , 0.341754
1.5326 , 1 , 3.47816 , 1.44449 , 2.00704 , 0.302885 , 0.347335
1.53295 , 1 , 3.47812 , 1.44448 , 2.00704 , 0.290829 , 0.353342
1.5333 , 1 , 3.47808 , 1.44448 , 2.00704 , 0.277957 , 0.359755
1.53365 , 1 , 3.47805 , 1.44447 , 2.00704 , 0.264318 , 0.366551
1.534 , 1 , 3.47801 , 1.44447 , 2.00704 , 0.249972 , 0.373699
1.53435 , 1 , 3.47798 , 1.44447 , 2.00704 , 0.234999 , 0.381159
1.5347 , 1 , 3.47794 , 1.44446 , 2.00704 , 0.219493 , 0.388884
1.53505 , 1 , 3.47791 , 1.44446 , 2.00704 , 0.203572 , 0.396817
1.5354 , 1 , 3.47787 , 1.44445 , 2.00704 , 0.18737 , 0.40489
1.53575 , 1 , 3.47784 , 1.44445 , 2.00704 , 0.171048 , 0.413022
1.5361 , 1 , 3.4778 , 1.44444 , 2.00704 , 0.154787 , 0.421124
1.53645 , 1 , 3.47776 , 1.44444 , 2.00704 , 0.138789 , 0.429095
1.5368 , 1 , 3.47773 , 1.44444 , 2.00704 , 0.123277 , 0.436824
1.53715 , 1 , 3.47769 , 1.44443 , 2.00704 , 0.10849 , 0.444191
1.5375 , 1 , 3.47766 , 1.44443 , 2.00704 , 0.0946782 , 0.451073
1.53785 , 1 , 3.47762 , 1.44442 , 2.00704 , 0.0820963 , 0.457342
1.5382 , 1 , 3.47759 , 1.44442 , 2.00704 , 0.0709963 , 0.462873
1.53855 , 1 , 3.47755 , 1.44442 , 2.00704 , 0.0616178 , 0.467545
1.5389 , 1 , 3.47752 , 1.44441 , 2.00704 , 0.0541785 , 0.471252
1.53925 , 1 , 3.47748 , 1.44441 , 2.00704 , 0.0488645 , 0.4739
1.5396 , 1 , 3.47745 , 1.4444 , 2.00704 , 0.0458211 , 0.475416
1.53995 , 1 , 3.47741 , 1.4444 , 2.00704 , 0.0451456 , 0.475753
1.5403 , 1 , 3.47738 , 1.44439 , 2.00704 , 0.0468817 , 0.474888
1.54065 , 1 , 3.47734 , 1.44439 , 2.00704 , 0.051017 , 0.472827
1.541 , 1 , 3.47731 , 1.44439 , 2.00704 , 0.0574835 , 0.469605
1.54135 , 1 , 3.47727 , 1.44438 , 2.00704 , 0.0661607 , 0.465282
1.5417 , 1 , 3.47724 , 1.44438 , 2.00704 , 0.0768817 , 0.45994
1.54205 , 1 , 3.4772 , 1.44437 , 2.00704 , 0.0894414 , 0.453682
1.5424 , 1 , 3.47717 , 1.44437 , 2.00704 , 0.103606 , 0.446625
1.54275 , 1 , 3.47713 , 1.44437 , 2.00704 , 0.119122 , 0.438894
1.5431 , 1 , 3.4771 , 1.44436 , 2.00704 , 0.135727 , 0.430621
1.54345 , 1 , 3.47706 , 1.44436 , 2.00704 , 0.15316 , 0.421935
1.5438 , 1 , 3.47703 , 1.44435 , 2.00704 , 0.171167 , 0.412963
1.54415 , 1 , 3.47699 , 1.44435 , 2.00704 , 0.189507 , 0.403825
1.5445 , 1 , 3.47696 , 1.44434 , 2.00704 , 0.20796 , 0.394631
1.54485 , 1 , 3.47692 , 1.44434 , 2.00704 , 0.226325 , 0.385481
1.5452 , 1 , 3.47689 , 1.44434 , 2.00704 , 0.244427 , 0.376461
1.54555 , 1 , 3.47685 , 1.44433 , 2.00704 , 0.262114 , 0.367649
1.5459 , 1 , 3.47682 , 1.44433 , 2.00704 , 0.279256 , 0.359108
1.54625 , 1 , 3.47678 , 1.44432 , 2.00704 , 0.295746 , 0.350892
1.5466 , 1 , 3.47675 , 1.44432 , 2.00704 , 0.311496 , 0.343045
1.54695 , 1 , 3.47671 , 1.44432 , 2.00704 , 0.326437 , 0.3356
1.5473 , 1 , 3.47668 , 1.44431 , 2.00704 , 0.340515 , 0.328586
1.54765 , 1 , 3.47664 , 1.44431 , 2.00704 , 0.35369 , 0.322022
1.548 , 1 , 3.47661 , 1.4443 , 2.00704 , 0.365932 , 0.315922
1.54835 , 1 , 3.47657 , 1.4443 , 2.00704 , 0.377221 , 0.310297
1.5487 , 1 , 3.47654 , 1.44429 , 2.00704 , 0.387545 , 0.305153
1.54905 , 1 , 3.47651 , 1.44429 , 2.00704 , 0.396896 , 0.300494
1.5494 , 1 , 3.47647 , 1.44429 , 2.00704 , 0.405271 , 0.296322
1.54975 , 1 , 3.47644 , 1.44428 , 2.00704 , 0.41267 , 0.292635
1.5501 , 1 , 3.4764 , 1.44428 , 2.00704 , 0.419095 , 0.289434
1.55045 , 1 , 3.47637 , 1.44427 , 2.00704 , 0.424549 , 0.286716
1.5508 , 1 , 3.47633 , 1.44427 , 2.00704 , 0.429034 , 0.284481
1.55115 , 1 , 3.4763 , 1.44426 , 2.00704 , 0.432554 , 0.282728
1.5515 , 1 , 3.47626 , 1.44426 , 2.00704 , 0.43511 , 0.281454
1.55185 , 1 , 3.47623 , 1.44426 , 2.00704 , 0.436702 , 0.280661
1.5522 , 1 , 3.4762 , 1.44425 , 2.00704 , 0.437328 , 0.280349
1.55255 , 1 , 3.47616 , 1.44425 , 2.00704 , 0.436985 , 0.28052
1.5529 , 1 , 3.47613 , 1.44424 , 2.00704 , 0.435669 , 0.281176
1.55325 , 1 , 3.47609 , 1.44424 , 2.00704 , 0.433372 , 0.28232
1.5536 , 1 , 3.47606 , 1.44424 , 2.00704 , 0.430085 , 0.283958
1.55395 , 1 , 3.47603 , 1.44423 , 2.00704 , 0.425797 , 0.286094
1.5543 , 1 , 3.47599 , 1.44423 , 2.00704 , 0.420497 , 0.288735
1.55465 , 1 , 3.47596 , 1.44422 , 2.00704 , 0.414172 , 0.291887
1.555 , 1 , 3.47592 , 1.44422 , 2.00704 , 0.406808 , 0.295556
1.55535 , 1 , 3.47589 , 1.44421 , 2.00704 , 0.398393 , 0.299748
1.5557 , 1 , 3.47586 , 1.44421 , 2.00704 , 0.388916 , 0.30447
1.55605 , 1 , 3.47582 , 1.44421 , 2.00704 , 0.378367 , 0.309726
1.5564 , 1 , 3.47579 , 1.4442 , 2.00704 , 0.366744 , 0.315518
1.55675 , 1 , 3.47575 , 1.4442 , 2.00704 , 0.354046 , 0.321844
1.5571 , 1 , 3.47572 , 1.44419 , 2.00704 , 0.340284 , 0.328701
1.55745 , 1 , 3.47569 , 1.44419 , 2.00704 , 0.325478 , 0.336078
1.5578 , 1 , 3.47565 , 1.44419 , 2.00704 , 0.309662 , 0.343958
1.55815 , 1 , 3.47562 , 1.44418 , 2.00704 , 0.292887 , 0.352316
1.5585 , 1 , 3.47559 , 1.44418 , 2.00704 , 0.275224 , 0.361117
1.55885 , 1 , 3.47555 , 1.44417 , 2.00704 , 0.25677 , 0.370312
1.5592 , 1 , 3.47552 , 1.44417 , 2.00704 , 0.237647 , 0.37984
1.55955 , 1 , 3.47548 , 1.44416 , 2.00704 , 0.218011 , 0.389623
1.5599 , 1 , 3.47545 , 1.44416 , 2.00704 , 0.198053 , 0.399567
1.56025 , 1 , 3.47542 , 1.44416 , 2.00704 , 0.178001 , 0.409558
1.5606 , 1 , 3.47538 , 1.44415 , 2.00704 , 0.158119 , 0.419464
1.56095 , 1 , 3.47535 , 1.44415 , 2.00704 , 0.13871 , 0.429134
1.5613 , 1 , 3.47532 , 1.44414 , 2.00704 , 0.120108 , 0.438403
1.56165 , 1 , 3.47528 , 1.44414 , 2.00704 , 0.102673 , 0.44709
1.562 , 1 , 3.47525 , 1.44413 , 2.00704 , 0.0867801 , 0.455008
1.56235 , 1 , 3.47522 , 1.44413 , 2.00704 , 0.0728069 , 0.46197
1.5627 , 1 , 3.47518 , 1.44413 , 2.00704 , 0.0611161 , 0.467795
1.56305 , 1 , 3.47515 , 1.44412 , 2.00704 , 0.0520383 , 0.472318
1.5634 , 1 , 3.47512 , 1.44412 , 2.00704 , 0.0458535 , 0.4754
1.56375 , 1 , 3.47508 , 1.44411 , 2.00704 , 0.0427737 , 0.476934
1.5641 , 1 , 3.47505 , 1.44411 , 2.00704 , 0.0429292 , 0.476857
1.56445 , 1 , 3.47502 , 1.44411 , 2.00704 , 0.0463593 , 0.475148
1.5648 , 1 , 3.47498 , 1.4441 , 2.00704 , 0.0530094 , 0.471834
1.56515 , 1 , 3.47495 , 1.4441 , 2.00704 , 0.0627334 , 0.46699
1.5655 , 1 , 3.47492 , 1.44409 , 2.00704 , 0.0753033 , 0.460727
1.56585 , 1 , 3.47488 , 1.44409 , 2.00704 , 0.0904231 , 0.453193
1.5662 , 1 , 3.47485 , 1.44408 , 2.00704 , 0.107746 , 0.444562
1.56655 , 1 , 3.47482 , 1.44408 , 2.00704 , 0.126894 , 0.435022
1.5669 , 1 , 3.47478 , 1.44408 , 2.00704 , 0.147474 , 0.424768
1.56725 , 1 , 3.47475 , 1.44407 , 2.00704 , 0.1691 , 0.413993
1.5676 , 1 , 3.47472 , 1.44407 , 2.00704 , 0.1914 , 0.402882
1.56795 , 1 , 3.47468 , 1.44406 , 2.00704 , 0.214032 , 0.391606
1.5683 , 1 , 3.47465 , 1.44406 , 2.00704 , 0.236689 , 0.380317
1.56865 , 1 , 3.47462 , 1.44405 , 2.00704 , 0.259103 , 0.369149
1.569 , 1 , 3.47459 , 1.44405 , 2.00704 , 0.281047 , 0.358216
1.56935 , 1 , 3.47455 , 1.44405 , 2.00704 , 0.302333 , 0.34761
1.5697 , 1 , 3.47452 , 1.44404 , 2.00704 , 0.32281 , 0.337407
1.57005 , 1 , 3.4745 , 1.44404 , 2.00704 , 0.342226 , 0.327733
1.5704 , 1 , 3.47446 , 1.44403 , 2.00704 , 0.360767 , 0.318495
1.57075 , 1 , 3.47443 , 1.44403 , 2.00704 , 0.378232 , 0.309794
1.5711 , 1 , 3.4744 , 1.44403 , 2.00704 , 0.394578 , 0.301649
1.57145 , 1 , 3.47437 , 1.44402 , 2.00704 , 0.409781 , 0.294075
1.5718 , 1 , 3.47433 , 1.44402 , 2.00704 , 0.423828 , 0.287075
1.57215 , 1 , 3.4743 , 1.44401 , 2.00704 , 0.436719 , 0.280652
1.5725 , 1 , 3.47427 , 1.44401 , 2.00704 , 0.44846 , 0.274803
1.57285 , 1 , 3.47424 , 1.444 , 2.00704 , 0.459061 , 0.269521
1.5732 , 1 , 3.4742 , 1.444 , 2.00704 , 0.468538 , 0.264799
1.57355 , 1 , 3.47417 , 1.444 , 2.00704 , 0.476906 , 0.26063
1.5739 , 1 , 3.47414 , 1.44399 , 2.00704 , 0.484182 , 0.257004
1.57425 , 1 , 3.47411 , 1.44399 , 2.00704 , 0.490382 , 0.253915
1.5746 , 1 , 3.47408 , 1.44398 , 2.00704 , 0.495519 , 0.251356
1.57495 , 1 , 3.47404 , 1.44398 , 2.00704 , 0.499605 , 0.24932
1.5753 , 1 , 3.47401 , 1.44397 , 2.00704 , 0.502649 , 0.247803
1.57565 , 1 , 3.47398 , 1.44397 , 2.00704 , 0.504656 , 0.246803
1.576 , 1 , 3.47395 , 1.44397 , 2.00704 , 0.505627 , 0.246319
1.57635 , 1 , 3.47391 , 1.44396 , 2.00704 , 0.505562 , 0.246352
1.5767 , 1 , 3.47388 , 1.44396 , 2.00704 , 0.504451 , 0.246905
1.57705 , 1 , 3.47385 , 1.44395 , 2.00704 , 0.502287 , 0.247984
1.5774 , 1 , 3.47382 , 1.44395 , 2.00704 , 0.499052 , 0.249595
1.57775 , 1 , 3.47379 , 1.44394 , 2.00704 , 0.49473 , 0.251749
1.5781 , 1 , 3.47375 , 1.44394 , 2.00704 , 0.489295 , 0.254457
1.57845 , 1 , 3.47372 , 1.44394 , 2.00704 , 0.482723 , 0.257731
1.5788 , 1 , 3.47369 , 1.44393 , 2.00704 , 0.474983 , 0.261588
1.57915 , 1 , 3.47366 , 1.44393 , 2.00704 , 0.466043 , 0.266042
1.5795 , 1 , 3.47363 , 1.44392 , 2.00704 , 0.455869 , 0.271111
1.57985 , 1 , 3.4736 , 1.44392 , 2.00704 , 0.444426 , 0.276812
1.5802 , 1 , 3.47356 , 1.44392 , 2.00704 , 0.431683 , 0.283162
1.58055 , 1 , 3.47353 , 1.44391 , 2.00704 , 0.41761 , 0.290174
1.5809 , 1 , 3.4735 , 1.44391 , 2.00704 , 0.402183 , 0.29786
1.58125 , 1 , 3.47347 , 1.4439 , 2.00704 , 0.385389 , 0.306227
1.5816 , 1 , 3.47344 , 1.4439 , 2.00704 , 0.36723 , 0.315275
1.58195 , 1 , 3.47341 , 1.44389 , 2.00704 , 0.347726 , 0.324993
1.5823 , 1 , 3.47337 , 1.44389 , 2.00704 , 0.326922 , 0.335358
1.58265 , 1 , 3.47334 , 1.44389 , 2.00704 , 0.304897 , 0.346332
1.583 , 1 , 3.47331 , 1.44388 , 2.00704 , 0.281771 , 0.357855
1.58335 , 1 , 3.47328 , 1.44388 , 2.00704 , 0.257712 , 0.369842
1.5837 , 1 , 3.47325 , 1.44387 , 2.00704 , 0.232946 , 0.382182
1.58405 , 1 , 3.47322 , 1.44387 , 2.00704 , 0.207765 , 0.394728
1.5844 , 1 , 3.47319 , 1.44386 , 2.00704 , 0.182532 , 0.4073
1.58475 , 1 , 3.47315 , 1.44386 , 2.00704 , 0.157683 , 0.419681
1.5851 , 1 , 3.47312 , 1.44386 , 2.00704 , 0.133722 , 0.43162
1.58545 , 1 , 3.47309 , 1.44385 , 2.00704 , 0.111215 , 0.442834
1.5858 , 1 , 3.47306 , 1.44385 , 2.00704 , 0.0907708 , 0.45302
1.58615 , 1 , 3.47303 , 1.44384 , 2.00704 , 0.0730113 , 0.461869
1.5865 , 1 , 3.473 , 1.44384 , 2.00704 , 0.0585414 , 0.469078
1.58685 , 1 , 3.47297 , 1.44383 , 2.00704 , 0.047907 , 0.474377
1.5872 , 1 , 3.47294 , 1.44383 , 2.00704 , 0.0415547 , 0.477542
1.58755 , 1 , 3.4729 , 1.44383 , 2.00704 , 0.0397938 , 0.478419
1.5879 , 1 , 3.47287 , 1.44382 , 2.00704 , 0.0427687 , 0.476937
1.58825 , 1 , 3.47284 , 1.44382 , 2.00704 , 0.0504437 , 0.473113
1.5886 , 1 , 3.47281 , 1.44381 , 2.00704 , 0.0626047 , 0.467054
1.58895 , 1 , 3.47278 , 1.44381 , 2.00704 , 0.0788772 , 0.458946
1.5893 , 1 , 3.47275 , 1.4438 , 2.00704 , 0.0987569 , 0.449041
1.58965 , 1 , 3.47272 , 1.4438 , 2.00704 , 0.121649 , 0.437635
1.59 , 1 , 3.47269 , 1.4438 , 2.00704 , 0.146913 , 0.425047
