250 , 0.0876232 , 0.912377
251.252 , 0.118199 , 0.881801
252.504 , 0.110326 , 0.889674
253.756 , 0.0731952 , 0.926805
255.008 , 0.0453611 , 0.954639
256.26 , 0.0572572 , 0.942743
257.513 , 0.0929529 , 0.907047
258.765 , 0.114618 , 0.885382
260.017 , 0.103743 , 0.896257
261.269 , 0.0708521 , 0.929148
262.521 , 0.0469898 , 0.95301
263.773 , 0.0559287 , 0.944071
265.025 , 0.0869398 , 0.91306
266.277 , 0.109991 , 0.890009
267.529 , 0.106599 , 0.893401
268.781 , 0.0802161 , 0.919784
270.033 , 0.0527874 , 0.947213
271.285 , 0.0489108 , 0.951089
272.538 , 0.0715157 , 0.928484
273.79 , 0.0996413 , 0.900359
275.042 , 0.111097 , 0.888903
276.294 , 0.0983292 , 0.901671
277.546 , 0.0706333 , 0.929367
278.798 , 0.0490839 , 0.950916
280.05 , 0.0514425 , 0.948557
281.302 , 0.0753532 , 0.924647
282.554 , 0.10161 , 0.89839
283.806 , 0.112106 , 0.887894
285.058 , 0.100652 , 0.899348
286.311 , 0.0744685 , 0.925531
287.563 , 0.051021 , 0.948979
288.815 , 0.0475807 , 0.952419
290.067 , 0.0667672 , 0.933233
291.319 , 0.0945056 , 0.905494
292.571 , 0.112962 , 0.887038
293.823 , 0.111943 , 0.888057
295.075 , 0.0921274 , 0.907873
296.327 , 0.0644422 , 0.935558
297.579 , 0.0459272 , 0.954073
298.831 , 0.0492213 , 0.950779
300.083 , 0.072233 , 0.927767
301.336 , 0.100378 , 0.899622
302.588 , 0.118152 , 0.881848
303.84 , 0.117133 , 0.882867
305.092 , 0.097834 , 0.902166
306.344 , 0.0693256 , 0.930674
307.596 , 0.0467716 , 0.953228
308.848 , 0.0437822 , 0.956218
310.1 , 0.0625336 , 0.937466
311.352 , 0.0921862 , 0.907814
312.604 , 0.117502 , 0.882498
313.856 , 0.127452 , 0.872548
315.109 , 0.118227 , 0.881773
316.361 , 0.09332 , 0.90668
317.613 , 0.0631295 , 0.93687
318.865 , 0.042327 , 0.957673
320.117 , 0.0424863 , 0.957514
321.369 , 0.0639425 , 0.936058
322.621 , 0.0957126 , 0.904287
323.873 , 0.123481 , 0.876519
325.125 , 0.136786 , 0.863214
326.377 , 0.1313 , 0.8687
327.629 , 0.108713 , 0.891287
328.881 , 0.076686 , 0.923314
330.134 , 0.0480469 , 0.951953
331.386 , 0.0363582 , 0.963642
332.638 , 0.0480138 , 0.951986
333.89 , 0.0776725 , 0.922327
335.142 , 0.112331 , 0.887669
336.394 , 0.139161 , 0.860839
337.646 , 0.150024 , 0.849976
338.898 , 0.142054 , 0.857946
340.15 , 0.117246 , 0.882754
341.402 , 0.0826541 , 0.917346
342.654 , 0.0502175 , 0.949783
343.907 , 0.0335196 , 0.96648
345.159 , 0.0407561 , 0.959244
346.411 , 0.0691918 , 0.930808
347.663 , 0.107232 , 0.892768
348.915 , 0.14164 , 0.85836
350.167 , 0.162815 , 0.837185
351.419 , 0.16594 , 0.83406
352.671 , 0.150328 , 0.849672
353.923 , 0.119205 , 0.880795
355.175 , 0.0803396 , 0.91966
356.427 , 0.0460032 , 0.953997
357.679 , 0.0296384 , 0.970362
358.932 , 0.0389217 , 0.961078
360.184 , 0.0706298 , 0.92937
361.436 , 0.112967 , 0.887033
362.688 , 0.152652 , 0.847348
363.94 , 0.179962 , 0.820038
365.192 , 0.189688 , 0.810312
366.444 , 0.180203 , 0.819797
367.696 , 0.152891 , 0.847109
368.948 , 0.112682 , 0.887318
370.2 , 0.069117 , 0.930883
371.452 , 0.0358197 , 0.96418
372.705 , 0.0258712 , 0.974129
373.957 , 0.0443501 , 0.95565
375.209 , 0.0848012 , 0.915199
376.461 , 0.133691 , 0.866309
377.713 , 0.177823 , 0.822177
378.965 , 0.208321 , 0.791679
380.217 , 0.220643 , 0.779357
381.469 , 0.213223 , 0.786777
382.721 , 0.186715 , 0.813285
383.973 , 0.144484 , 0.855516
385.225 , 0.0941229 , 0.905877
386.477 , 0.0484914 , 0.951509
387.73 , 0.0232864 , 0.976714
388.982 , 0.0295605 , 0.97044
390.234 , 0.0662493 , 0.933751
391.486 , 0.120888 , 0.879112
392.738 , 0.177714 , 0.822286
393.99 , 0.224598 , 0.775402
395.242 , 0.2547 , 0.7453
396.494 , 0.264977 , 0.735023
397.746 , 0.25445 , 0.74555
398.998 , 0.22354 , 0.77646
400.25 , 0.174829 , 0.825171
401.503 , 0.115179 , 0.884821
402.755 , 0.05802 , 0.94198
404.007 , 0.0222078 , 0.977792
405.259 , 0.0236788 , 0.976321
406.511 , 0.0642089 , 0.935791
407.763 , 0.129755 , 0.870245
409.015 , 0.200677 , 0.799323
410.267 , 0.26183 , 0.73817
411.519 , 0.305125 , 0.694875
412.771 , 0.327308 , 0.672692
414.023 , 0.327237 , 0.672763
415.275 , 0.304368 , 0.695632
416.528 , 0.258768 , 0.741232
417.78 , 0.192938 , 0.807062
419.032 , 0.11577 , 0.88423
420.284 , 0.0469122 , 0.953088
421.536 , 0.0142699 , 0.98573
422.788 , 0.0373426 , 0.962657
424.04 , 0.109397 , 0.890603
425.292 , 0.203175 , 0.796825
426.544 , 0.292225 , 0.707775
427.796 , 0.361959 , 0.638041
429.048 , 0.407461 , 0.592539
430.301 , 0.427995 , 0.572005
431.553 , 0.423293 , 0.576707
432.805 , 0.391939 , 0.608061
434.057 , 0.331502 , 0.668498
435.309 , 0.241465 , 0.758535
436.561 , 0.131858 , 0.868142
437.813 , 0.0372633 , 0.962737
439.065 , 0.0140918 , 0.985908
440.317 , 0.090051 , 0.909949
441.569 , 0.225628 , 0.774372
442.821 , 0.361335 , 0.638665
444.073 , 0.466432 , 0.533568
445.326 , 0.535727 , 0.464273
446.578 , 0.572609 , 0.427391
447.83 , 0.579732 , 0.420268
449.082 , 0.555352 , 0.444648
450.334 , 0.49119 , 0.50881
451.586 , 0.371921 , 0.628079
452.838 , 0.190106 , 0.809894
454.09 , 0.0227639 , 0.977236
455.342 , 0.07687 , 0.92313
456.594 , 0.33155 , 0.66845
457.846 , 0.5568 , 0.4432
459.098 , 0.69117 , 0.30883
460.351 , 0.760927 , 0.239073
461.603 , 0.788732 , 0.211268
462.855 , 0.779484 , 0.220516
464.107 , 0.708812 , 0.291188
465.359 , 0.446571 , 0.553429
466.611 , 0.0413855 , 0.958614
467.863 , 0.763245 , 0.236755
469.115 , 0.941219 , 0.058781
470.367 , 0.979502 , 0.0204984
471.619 , 0.991229 , 0.00877135
472.871 , 0.995724 , 0.00427582
474.124 , 0.997718 , 0.0022822
475.376 , 0.998697 , 0.00130311
476.628 , 0.999216 , 0.000784315
477.88 , 0.999507 , 0.000492653
479.132 , 0.999679 , 0.000320659
480.384 , 0.999785 , 0.000215134
481.636 , 0.999852 , 0.000148181
482.888 , 0.999896 , 0.000104451
484.14 , 0.999925 , 7.51582e-05
485.392 , 0.999945 , 5.50906e-05
486.644 , 0.999959 , 4.10647e-05
487.896 , 0.999969 , 3.10829e-05
489.149 , 0.999976 , 2.38615e-05
490.401 , 0.999981 , 1.85582e-05
491.653 , 0.999985 , 1.46094e-05
492.905 , 0.999988 , 1.16316e-05
494.157 , 0.999991 , 9.35937e-06
495.409 , 0.999992 , 7.60633e-06
496.661 , 0.999994 , 6.23993e-06
497.913 , 0.999995 , 5.16465e-06
499.165 , 0.999996 , 4.31079e-06
500.417 , 0.999996 , 3.627e-06
501.669 , 0.999997 , 3.07503e-06
502.922 , 0.999997 , 2.62609e-06
504.174 , 0.999998 , 2.25835e-06
505.426 , 0.999998 , 1.95509e-06
506.678 , 0.999998 , 1.70341e-06
507.93 , 0.999999 , 1.49328e-06
509.182 , 0.999999 , 1.31683e-06
510.434 , 0.999999 , 1.16787e-06
511.686 , 0.999999 , 1.04147e-06
512.938 , 0.999999 , 9.3369e-07
514.19 , 0.999999 , 8.41377e-07
515.442 , 0.999999 , 7.6197e-07
516.694 , 0.999999 , 6.93388e-07
517.947 , 0.999999 , 6.33935e-07
519.199 , 0.999999 , 5.82214e-07
520.451 , 0.999999 , 5.37075e-07
521.703 , 1 , 4.97564e-07
522.955 , 1 , 4.62887e-07
524.207 , 1 , 4.3238e-07
525.459 , 1 , 4.05487e-07
526.711 , 1 , 3.81738e-07
527.963 , 1 , 3.60739e-07
529.215 , 1 , 3.42153e-07
530.467 , 1 , 3.25695e-07
531.72 , 1 , 3.11122e-07
532.972 , 1 , 2.98227e-07
534.224 , 1 , 2.86834e-07
535.476 , 1 , 2.76789e-07
536.728 , 1 , 2.67963e-07
537.98 , 1 , 2.60245e-07
539.232 , 1 , 2.53539e-07
540.484 , 1 , 2.47763e-07
541.736 , 1 , 2.4285e-07
542.988 , 1 , 2.38739e-07
544.24 , 1 , 2.35382e-07
545.492 , 1 , 2.32737e-07
546.745 , 1 , 2.30772e-07
547.997 , 1 , 2.2946e-07
549.249 , 1 , 2.2878e-07
550.501 , 1 , 2.28718e-07
551.753 , 1 , 2.29266e-07
553.005 , 1 , 2.30419e-07
554.257 , 1 , 2.32179e-07
555.509 , 1 , 2.34553e-07
556.761 , 1 , 2.37551e-07
558.013 , 1 , 2.41191e-07
559.265 , 1 , 2.45493e-07
560.518 , 1 , 2.50485e-07
561.77 , 1 , 2.56199e-07
563.022 , 1 , 2.62674e-07
564.274 , 1 , 2.69955e-07
565.526 , 1 , 2.78093e-07
566.778 , 1 , 2.87149e-07
568.03 , 1 , 2.97191e-07
569.282 , 1 , 3.08294e-07
570.534 , 1 , 3.20547e-07
571.786 , 1 , 3.34048e-07
573.038 , 1 , 3.48908e-07
574.29 , 1 , 3.65252e-07
575.543 , 1 , 3.83222e-07
576.795 , 1 , 4.02978e-07
578.047 , 1 , 4.24698e-07
579.299 , 1 , 4.48586e-07
580.551 , 1 , 4.7487e-07
581.803 , 0.999999 , 5.03809e-07
583.055 , 0.999999 , 5.35695e-07
584.307 , 0.999999 , 5.70861e-07
585.559 , 0.999999 , 6.09683e-07
586.811 , 0.999999 , 6.52587e-07
588.063 , 0.999999 , 7.0006e-07
589.316 , 0.999999 , 7.52654e-07
590.568 , 0.999999 , 8.11004e-07
591.82 , 0.999999 , 8.75829e-07
593.072 , 0.999999 , 9.47957e-07
594.324 , 0.999999 , 1.02834e-06
595.576 , 0.999999 , 1.11806e-06
596.828 , 0.999999 , 1.21838e-06
598.08 , 0.999999 , 1.33075e-06
599.332 , 0.999999 , 1.45683e-06
600.584 , 0.999998 , 1.59858e-06
601.836 , 0.999998 , 1.75823e-06
603.088 , 0.999998 , 1.93843e-06
604.341 , 0.999998 , 2.1422e-06
605.593 , 0.999998 , 2.37315e-06
606.845 , 0.999997 , 2.63543e-06
608.097 , 0.999997 , 2.93399e-06
609.349 , 0.999997 , 3.2746e-06
610.601 , 0.999996 , 3.6641e-06
611.853 , 0.999996 , 4.1106e-06
613.105 , 0.999995 , 4.6237e-06
614.357 , 0.999995 , 5.21485e-06
615.609 , 0.999994 , 5.89772e-06
616.861 , 0.999993 , 6.68869e-06
618.114 , 0.999992 , 7.60745e-06
619.366 , 0.999991 , 8.67773e-06
620.618 , 0.99999 , 9.92825e-06
621.87 , 0.999989 , 1.13939e-05
623.122 , 0.999987 , 1.31172e-05
624.374 , 0.999985 , 1.51501e-05
625.626 , 0.999982 , 1.75565e-05
626.878 , 0.99998 , 2.04154e-05
628.13 , 0.999976 , 2.38244e-05
629.382 , 0.999972 , 2.79052e-05
630.634 , 0.999967 , 3.281e-05
631.886 , 0.999961 , 3.87302e-05
633.139 , 0.999954 , 4.59077e-05
634.391 , 0.999945 , 5.46503e-05
635.643 , 0.999935 , 6.53515e-05
636.895 , 0.999921 , 7.85181e-05
638.147 , 0.999905 , 9.48068e-05
639.399 , 0.999885 , 0.000115075
640.651 , 0.99986 , 0.000140451
641.903 , 0.999828 , 0.000172432
643.155 , 0.999787 , 0.000213023
644.407 , 0.999735 , 0.000264931
645.659 , 0.999668 , 0.000331857
646.912 , 0.999581 , 0.000418916
648.164 , 0.999467 , 0.000533262
649.416 , 0.999315 , 0.000685047
650.668 , 0.999111 , 0.000888894
651.92 , 0.998834 , 0.00116624
653.172 , 0.998451 , 0.00154909
654.424 , 0.997914 , 0.00208632
655.676 , 0.997146 , 0.00285441
656.928 , 0.996024 , 0.00397649
658.18 , 0.994343 , 0.00565749
659.432 , 0.991748 , 0.00825205
660.684 , 0.987597 , 0.0124032
661.937 , 0.980656 , 0.0193438
663.189 , 0.968395 , 0.0316046
664.441 , 0.945174 , 0.0548262
665.693 , 0.897163 , 0.102837
666.945 , 0.787459 , 0.212541
668.197 , 0.524979 , 0.475021
669.449 , 0.0946711 , 0.905329
670.701 , 0.0840122 , 0.915988
671.953 , 0.383701 , 0.616299
673.205 , 0.580839 , 0.419161
674.457 , 0.684833 , 0.315167
675.71 , 0.740591 , 0.259409
676.962 , 0.770712 , 0.229288
678.214 , 0.785607 , 0.214393
679.466 , 0.790166 , 0.209834
680.718 , 0.786611 , 0.213389
681.97 , 0.775703 , 0.224297
683.222 , 0.757249 , 0.242751
684.474 , 0.7303 , 0.2697
685.726 , 0.693215 , 0.306785
686.978 , 0.643714 , 0.356286
688.23 , 0.579075 , 0.420925
689.482 , 0.496783 , 0.503217
690.735 , 0.396111 , 0.603889
691.987 , 0.281084 , 0.718916
693.239 , 0.164184 , 0.835816
694.491 , 0.0671886 , 0.932811
695.743 , 0.0137546 , 0.986245
696.995 , 0.0153884 , 0.984612
698.247 , 0.0641484 , 0.935852
699.499 , 0.140096 , 0.859904
700.751 , 0.223834 , 0.776166
702.003 , 0.302906 , 0.697094
703.255 , 0.37161 , 0.62839
704.508 , 0.42848 , 0.57152
705.76 , 0.474089 , 0.525911
707.012 , 0.509741 , 0.490259
708.264 , 0.536833 , 0.463167
709.516 , 0.5566 , 0.4434
710.768 , 0.570037 , 0.429963
712.02 , 0.577898 , 0.422102
713.272 , 0.580721 , 0.419279
714.524 , 0.57886 , 0.42114
715.776 , 0.572515 , 0.427485
717.028 , 0.561758 , 0.438242
718.28 , 0.546557 , 0.453443
719.533 , 0.526802 , 0.473198
720.785 , 0.502336 , 0.497664
722.037 , 0.472994 , 0.527006
723.289 , 0.438658 , 0.561342
724.541 , 0.399338 , 0.600662
725.793 , 0.355272 , 0.644728
727.045 , 0.307055 , 0.692945
728.297 , 0.255781 , 0.744219
729.549 , 0.20316 , 0.79684
730.801 , 0.151564 , 0.848436
732.053 , 0.103928 , 0.896072
733.306 , 0.0634591 , 0.936541
734.558 , 0.0331529 , 0.966847
735.81 , 0.0152325 , 0.984768
737.062 , 0.0106858 , 0.989314
738.314 , 0.0190821 , 0.980918
739.566 , 0.0387346 , 0.961265
740.818 , 0.0671277 , 0.932872
742.07 , 0.101434 , 0.898566
743.322 , 0.13896 , 0.86104
744.574 , 0.177424 , 0.822576
745.826 , 0.215074 , 0.784926
747.078 , 0.250678 , 0.749322
748.331 , 0.283445 , 0.716555
749.583 , 0.312929 , 0.687071
750.835 , 0.33893 , 0.66107
752.087 , 0.361408 , 0.638592
753.339 , 0.380427 , 0.619573
754.591 , 0.396104 , 0.603896
755.843 , 0.408582 , 0.591418
757.095 , 0.418006 , 0.581994
758.347 , 0.424515 , 0.575485
759.599 , 0.428231 , 0.571769
760.851 , 0.429259 , 0.570741
762.104 , 0.427683 , 0.572317
763.356 , 0.42357 , 0.57643
764.608 , 0.416973 , 0.583027
765.86 , 0.407933 , 0.592067
767.112 , 0.396483 , 0.603517
768.364 , 0.382661 , 0.617339
769.616 , 0.366509 , 0.633491
770.868 , 0.348091 , 0.651909
772.12 , 0.327496 , 0.672504
773.372 , 0.304858 , 0.695142
774.624 , 0.280367 , 0.719633
775.876 , 0.25428 , 0.74572
777.129 , 0.226939 , 0.773061
778.381 , 0.198778 , 0.801222
779.633 , 0.170331 , 0.829669
780.885 , 0.142224 , 0.857776
782.137 , 0.115166 , 0.884834
783.389 , 0.0899158 , 0.910084
784.641 , 0.0672482 , 0.932752
785.893 , 0.0478988 , 0.952101
787.145 , 0.0325097 , 0.96749
788.397 , 0.021575 , 0.978425
789.649 , 0.0153977 , 0.984602
790.902 , 0.0140636 , 0.985936
792.154 , 0.0174386 , 0.982561
793.406 , 0.0251874 , 0.974813
794.658 , 0.0368113 , 0.963189
795.91 , 0.0516976 , 0.948302
797.162 , 0.0691715 , 0.930828
798.414 , 0.0885458 , 0.911454
799.666 , 0.109161 , 0.890839
800.918 , 0.130414 , 0.869586
802.17 , 0.151776 , 0.848224
803.422 , 0.172802 , 0.827198
804.674 , 0.193129 , 0.806871
805.927 , 0.212472 , 0.787528
807.179 , 0.230614 , 0.769386
808.431 , 0.247397 , 0.752603
809.683 , 0.262712 , 0.737288
810.935 , 0.276488 , 0.723512
812.187 , 0.288686 , 0.711314
813.439 , 0.299288 , 0.700712
814.691 , 0.308294 , 0.691706
815.943 , 0.315714 , 0.684286
817.195 , 0.321568 , 0.678432
818.447 , 0.32588 , 0.67412
819.699 , 0.328675 , 0.671325
820.952 , 0.329982 , 0.670018
822.204 , 0.32983 , 0.67017
823.456 , 0.328246 , 0.671754
824.708 , 0.325261 , 0.674739
825.96 , 0.320903 , 0.679097
827.212 , 0.315205 , 0.684795
828.464 , 0.308198 , 0.691802
829.716 , 0.299921 , 0.700079
830.968 , 0.290415 , 0.709585
832.22 , 0.279732 , 0.720268
833.472 , 0.26793 , 0.73207
834.725 , 0.255078 , 0.744922
835.977 , 0.241262 , 0.758738
837.229 , 0.226579 , 0.773421
838.481 , 0.211146 , 0.788854
839.733 , 0.1951 , 0.8049
840.985 , 0.178596 , 0.821404
842.237 , 0.161811 , 0.838189
843.489 , 0.144942 , 0.855058
844.741 , 0.128204 , 0.871796
845.993 , 0.111828 , 0.888172
847.245 , 0.0960561 , 0.903944
848.497 , 0.0811354 , 0.918865
849.75 , 0.0673115 , 0.932689
851.002 , 0.05482 , 0.94518
852.254 , 0.0438781 , 0.956122
853.506 , 0.0346761 , 0.965324
854.758 , 0.0273694 , 0.972631
856.01 , 0.0220718 , 0.977928
857.262 , 0.0188507 , 0.981149
858.514 , 0.0177248 , 0.982275
859.766 , 0.0186639 , 0.981336
861.018 , 0.0215914 , 0.978409
862.27 , 0.0263888 , 0.973611
863.523 , 0.0329021 , 0.967098
864.775 , 0.0409495 , 0.95905
866.027 , 0.0503293 , 0.949671
867.279 , 0.0608281 , 0.939172
868.531 , 0.0722282 , 0.927772
869.783 , 0.0843144 , 0.915686
871.035 , 0.0968795 , 0.90312
872.287 , 0.109729 , 0.890271
873.539 , 0.122683 , 0.877317
874.791 , 0.135579 , 0.864421
876.043 , 0.148274 , 0.851726
877.295 , 0.160641 , 0.839359
878.548 , 0.172573 , 0.827427
879.8 , 0.183978 , 0.816022
881.052 , 0.194781 , 0.805219
882.304 , 0.20492 , 0.79508
883.556 , 0.214345 , 0.785655
884.808 , 0.223017 , 0.776983
886.06 , 0.230908 , 0.769092
887.312 , 0.237995 , 0.762005
888.564 , 0.244264 , 0.755736
889.816 , 0.249706 , 0.750294
891.068 , 0.254317 , 0.745683
892.321 , 0.258095 , 0.741905
893.573 , 0.261043 , 0.738957
894.825 , 0.263167 , 0.736833
896.077 , 0.264473 , 0.735527
897.329 , 0.264971 , 0.735029
898.581 , 0.264672 , 0.735328
899.833 , 0.263587 , 0.736413
901.085 , 0.261731 , 0.738269
902.337 , 0.259119 , 0.740881
903.589 , 0.255767 , 0.744233
904.841 , 0.251696 , 0.748304
906.093 , 0.246925 , 0.753075
907.346 , 0.241478 , 0.758522
908.598 , 0.23538 , 0.76462
909.85 , 0.22866 , 0.77134
911.102 , 0.221351 , 0.778649
912.354 , 0.213488 , 0.786512
913.606 , 0.20511 , 0.79489
914.858 , 0.196263 , 0.803737
916.11 , 0.186993 , 0.813007
917.362 , 0.177356 , 0.822644
918.614 , 0.16741 , 0.83259
919.866 , 0.157218 , 0.842782
921.119 , 0.14685 , 0.85315
922.371 , 0.13638 , 0.86362
923.623 , 0.125885 , 0.874115
924.875 , 0.115449 , 0.884551
926.127 , 0.105157 , 0.894843
927.379 , 0.0950962 , 0.904904
928.631 , 0.0853572 , 0.914643
929.883 , 0.076029 , 0.923971
931.135 , 0.0671996 , 0.9328
932.387 , 0.0589539 , 0.941046
933.639 , 0.0513726 , 0.948627
934.891 , 0.0445301 , 0.95547
936.144 , 0.0384931 , 0.961507
937.396 , 0.0333195 , 0.966681
938.648 , 0.0290563 , 0.970944
939.9 , 0.0257396 , 0.97426
941.152 , 0.0233931 , 0.976607
942.404 , 0.022028 , 0.977972
943.656 , 0.0216428 , 0.978357
944.908 , 0.0222235 , 0.977776
946.16 , 0.0237443 , 0.976256
947.412 , 0.0261683 , 0.973832
948.664 , 0.0294486 , 0.970551
949.917 , 0.0335297 , 0.96647
951.169 , 0.0383489 , 0.961651
952.421 , 0.0438375 , 0.956163
953.673 , 0.0499228 , 0.950077
954.925 , 0.0565294 , 0.943471
956.177 , 0.0635804 , 0.93642
957.429 , 0.070999 , 0.929001
958.681 , 0.0787093 , 0.921291
959.933 , 0.0866377 , 0.913362
961.185 , 0.0947134 , 0.905287
962.437 , 0.102869 , 0.897131
963.689 , 0.111042 , 0.888958
964.942 , 0.119173 , 0.880827
966.194 , 0.127207 , 0.872793
967.446 , 0.135096 , 0.864904
968.698 , 0.142795 , 0.857205
969.95 , 0.150263 , 0.849737
971.202 , 0.157464 , 0.842536
972.454 , 0.164367 , 0.835633
973.706 , 0.170945 , 0.829055
974.958 , 0.177173 , 0.822827
976.21 , 0.18303 , 0.81697
977.462 , 0.1885 , 0.8115
978.715 , 0.193567 , 0.806433
979.967 , 0.198221 , 0.801779
981.219 , 0.202452 , 0.797548
982.471 , 0.206251 , 0.793749
983.723 , 0.209614 , 0.790386
984.975 , 0.212537 , 0.787463
986.227 , 0.215018 , 0.784982
987.479 , 0.217055 , 0.782945
988.731 , 0.21865 , 0.78135
989.983 , 0.219804 , 0.780196
991.235 , 0.220518 , 0.779482
992.487 , 0.220798 , 0.779202
993.74 , 0.220647 , 0.779353
994.992 , 0.220071 , 0.779929
996.244 , 0.219075 , 0.780925
997.496 , 0.217667 , 0.782333
998.748 , 0.215855 , 0.784145
1000 , 0.213646 , 0.786354
