250 , 0.100431 , 0.899569
251.252 , 0.0636294 , 0.936371
252.504 , 0.0437155 , 0.956284
253.756 , 0.0579761 , 0.942024
255.008 , 0.0908938 , 0.909106
256.26 , 0.114072 , 0.885928
257.513 , 0.111562 , 0.888438
258.765 , 0.0862021 , 0.913798
260.017 , 0.0565675 , 0.943432
261.269 , 0.0458416 , 0.954158
262.521 , 0.0619885 , 0.938011
263.773 , 0.0905259 , 0.909474
265.025 , 0.110186 , 0.889814
266.277 , 0.108929 , 0.891071
267.529 , 0.0882424 , 0.911758
268.781 , 0.0614462 , 0.938554
270.033 , 0.04697 , 0.95303
271.285 , 0.0550696 , 0.94493
272.538 , 0.0790525 , 0.920948
273.79 , 0.102273 , 0.897727
275.042 , 0.1111 , 0.8889
276.294 , 0.101246 , 0.898754
277.546 , 0.0782654 , 0.921735
278.798 , 0.0553458 , 0.944654
280.05 , 0.0467717 , 0.953228
281.302 , 0.0579901 , 0.94201
282.554 , 0.0814675 , 0.918533
283.806 , 0.103305 , 0.896695
285.058 , 0.112413 , 0.887587
286.311 , 0.10482 , 0.89518
287.563 , 0.0841471 , 0.915853
288.815 , 0.0604663 , 0.939534
290.067 , 0.0464793 , 0.953521
291.319 , 0.050275 , 0.949725
292.571 , 0.0696418 , 0.930358
293.823 , 0.0940682 , 0.905932
295.075 , 0.111937 , 0.888063
296.327 , 0.115913 , 0.884087
297.579 , 0.104585 , 0.895415
298.831 , 0.0823819 , 0.917618
300.083 , 0.0586652 , 0.941335
301.336 , 0.044638 , 0.955362
302.588 , 0.0475742 , 0.952426
303.84 , 0.0661339 , 0.933866
305.092 , 0.0915058 , 0.908494
306.344 , 0.113019 , 0.886981
307.596 , 0.122897 , 0.877103
308.848 , 0.117987 , 0.882013
310.1 , 0.0998548 , 0.900145
311.352 , 0.0745611 , 0.925439
312.604 , 0.0516496 , 0.94835
313.856 , 0.040949 , 0.959051
315.109 , 0.0475687 , 0.952431
316.361 , 0.0687925 , 0.931207
317.613 , 0.0959658 , 0.904034
318.865 , 0.119354 , 0.880646
320.117 , 0.131829 , 0.868171
321.369 , 0.130066 , 0.869934
322.621 , 0.114512 , 0.885488
323.873 , 0.0893018 , 0.910698
325.125 , 0.062044 , 0.937956
326.377 , 0.0423215 , 0.957678
327.629 , 0.0380587 , 0.961941
328.881 , 0.0513571 , 0.948643
330.134 , 0.0773107 , 0.922689
331.386 , 0.106959 , 0.893041
332.638 , 0.131517 , 0.868483
333.89 , 0.144895 , 0.855105
335.142 , 0.144223 , 0.855777
336.394 , 0.129616 , 0.870384
337.646 , 0.104129 , 0.895871
338.898 , 0.0739038 , 0.926096
340.15 , 0.0476297 , 0.95237
341.402 , 0.0342158 , 0.965784
342.654 , 0.0389123 , 0.961088
343.907 , 0.0604685 , 0.939532
345.159 , 0.0919226 , 0.908077
346.411 , 0.124239 , 0.875761
347.663 , 0.149697 , 0.850303
348.915 , 0.163322 , 0.836678
350.167 , 0.162829 , 0.837171
351.419 , 0.148254 , 0.851746
352.671 , 0.121933 , 0.878067
353.923 , 0.0888511 , 0.911149
355.175 , 0.0567207 , 0.943279
356.427 , 0.0347079 , 0.965292
357.679 , 0.0302508 , 0.969749
358.932 , 0.0454385 , 0.954562
360.184 , 0.0758747 , 0.924125
361.436 , 0.1131 , 0.8869
362.688 , 0.148351 , 0.851649
363.94 , 0.174989 , 0.825011
365.192 , 0.189031 , 0.810969
366.444 , 0.1887 , 0.8113
367.696 , 0.173959 , 0.826041
368.948 , 0.146512 , 0.853488
370.2 , 0.110286 , 0.889714
371.452 , 0.0719726 , 0.928027
372.705 , 0.0406701 , 0.95933
373.957 , 0.0255922 , 0.974408
375.209 , 0.0321719 , 0.967828
376.461 , 0.0591549 , 0.940845
377.713 , 0.0993088 , 0.900691
378.965 , 0.14308 , 0.85692
380.217 , 0.182119 , 0.817881
381.469 , 0.210775 , 0.789225
382.721 , 0.225911 , 0.774089
383.973 , 0.22615 , 0.77385
385.225 , 0.211337 , 0.788663
386.477 , 0.182534 , 0.817466
387.73 , 0.142591 , 0.857409
388.982 , 0.0970802 , 0.90292
390.234 , 0.0548271 , 0.945173
391.486 , 0.0267274 , 0.973273
392.738 , 0.0219652 , 0.978035
393.99 , 0.0433136 , 0.956686
395.242 , 0.0854376 , 0.914562
396.494 , 0.137916 , 0.862084
397.746 , 0.190098 , 0.809902
398.998 , 0.234146 , 0.765854
400.25 , 0.265477 , 0.734523
401.503 , 0.281846 , 0.718154
402.755 , 0.282291 , 0.717709
404.007 , 0.26653 , 0.73347
405.259 , 0.234944 , 0.765056
406.511 , 0.189254 , 0.810746
407.763 , 0.133888 , 0.866112
409.015 , 0.077567 , 0.922433
410.267 , 0.0335538 , 0.966446
411.519 , 0.0161524 , 0.983848
412.771 , 0.0334629 , 0.966537
414.023 , 0.0819107 , 0.918089
415.275 , 0.148455 , 0.851545
416.528 , 0.218144 , 0.781856
417.78 , 0.279878 , 0.720122
419.032 , 0.327586 , 0.672414
420.284 , 0.35873 , 0.64127
421.536 , 0.372445 , 0.627555
422.788 , 0.368263 , 0.631737
424.04 , 0.345543 , 0.654457
425.292 , 0.303602 , 0.696398
426.544 , 0.242799 , 0.757201
427.796 , 0.167117 , 0.832883
429.048 , 0.088254 , 0.911746
430.301 , 0.0283378 , 0.971662
431.553 , 0.0136526 , 0.986347
432.805 , 0.0566743 , 0.943326
434.057 , 0.143984 , 0.856016
435.309 , 0.247377 , 0.752623
436.561 , 0.343254 , 0.656746
437.813 , 0.41992 , 0.58008
439.065 , 0.474306 , 0.525694
440.317 , 0.506915 , 0.493085
441.569 , 0.518579 , 0.481421
442.821 , 0.508821 , 0.491179
444.073 , 0.475035 , 0.524965
445.326 , 0.41225 , 0.58775
446.578 , 0.314792 , 0.685208
447.83 , 0.184769 , 0.815231
449.082 , 0.0555428 , 0.944457
450.334 , 0.0108527 , 0.989147
451.586 , 0.112647 , 0.887353
452.838 , 0.299623 , 0.700377
454.09 , 0.474036 , 0.525964
455.342 , 0.599085 , 0.400915
456.594 , 0.678598 , 0.321402
457.846 , 0.723889 , 0.276111
459.098 , 0.742169 , 0.257831
460.351 , 0.733556 , 0.266444
461.603 , 0.686333 , 0.313667
462.855 , 0.559584 , 0.440416
464.107 , 0.247725 , 0.752275
465.359 , 0.0527951 , 0.947205
466.611 , 0.622679 , 0.377321
467.863 , 0.874882 , 0.125118
469.115 , 0.949581 , 0.0504192
470.367 , 0.976196 , 0.0238043
471.619 , 0.987447 , 0.0125526
472.871 , 0.992831 , 0.00716889
474.124 , 0.995652 , 0.00434843
475.376 , 0.997234 , 0.00276556
476.628 , 0.998172 , 0.00182784
477.88 , 0.998753 , 0.00124742
479.132 , 0.999125 , 0.000874854
480.384 , 0.999372 , 0.000628223
481.636 , 0.999539 , 0.000460573
482.888 , 0.999656 , 0.000343943
484.14 , 0.999739 , 0.000261131
485.392 , 0.999799 , 0.000201249
486.644 , 0.999843 , 0.000157232
487.896 , 0.999876 , 0.000124393
489.149 , 0.9999 , 9.95587e-05
490.401 , 0.999919 , 8.0543e-05
491.653 , 0.999934 , 6.5815e-05
492.905 , 0.999946 , 5.42864e-05
494.157 , 0.999955 , 4.5173e-05
495.409 , 0.999962 , 3.79025e-05
496.661 , 0.999968 , 3.20522e-05
497.913 , 0.999973 , 2.73068e-05
499.165 , 0.999977 , 2.34285e-05
500.417 , 0.99998 , 2.02364e-05
501.669 , 0.999982 , 1.75914e-05
502.922 , 0.999985 , 1.53859e-05
504.174 , 0.999986 , 1.3536e-05
505.426 , 0.999988 , 1.19756e-05
506.678 , 0.999989 , 1.06523e-05
507.93 , 0.99999 , 9.5245e-06
509.182 , 0.999991 , 8.55877e-06
510.434 , 0.999992 , 7.72809e-06
511.686 , 0.999993 , 7.01057e-06
512.938 , 0.999994 , 6.38833e-06
514.19 , 0.999994 , 5.84669e-06
515.442 , 0.999995 , 5.37357e-06
516.694 , 0.999995 , 4.95895e-06
517.947 , 0.999995 , 4.5945e-06
519.199 , 0.999996 , 4.27326e-06
520.451 , 0.999996 , 3.98939e-06
521.703 , 0.999996 , 3.73796e-06
522.955 , 0.999996 , 3.51483e-06
524.207 , 0.999997 , 3.31645e-06
525.459 , 0.999997 , 3.13982e-06
526.711 , 0.999997 , 2.98239e-06
527.963 , 0.999997 , 2.84197e-06
529.215 , 0.999997 , 2.71666e-06
530.467 , 0.999997 , 2.60485e-06
531.72 , 0.999997 , 2.50514e-06
532.972 , 0.999998 , 2.41633e-06
534.224 , 0.999998 , 2.33739e-06
535.476 , 0.999998 , 2.2674e-06
536.728 , 0.999998 , 2.20559e-06
537.98 , 0.999998 , 2.15129e-06
539.232 , 0.999998 , 2.10392e-06
540.484 , 0.999998 , 2.06298e-06
541.736 , 0.999998 , 2.02803e-06
542.988 , 0.999998 , 1.99871e-06
544.24 , 0.999998 , 1.9747e-06
545.492 , 0.999998 , 1.95576e-06
546.745 , 0.999998 , 1.94167e-06
547.997 , 0.999998 , 1.93224e-06
549.249 , 0.999998 , 1.92736e-06
550.501 , 0.999998 , 1.92692e-06
551.753 , 0.999998 , 1.93085e-06
553.005 , 0.999998 , 1.93913e-06
554.257 , 0.999998 , 1.95176e-06
555.509 , 0.999998 , 1.96877e-06
556.761 , 0.999998 , 1.99022e-06
558.013 , 0.999998 , 2.0162e-06
559.265 , 0.999998 , 2.04684e-06
560.518 , 0.999998 , 2.08229e-06
561.77 , 0.999998 , 2.12274e-06
563.022 , 0.999998 , 2.16841e-06
564.274 , 0.999998 , 2.21957e-06
565.526 , 0.999998 , 2.27651e-06
566.778 , 0.999998 , 2.33958e-06
568.03 , 0.999998 , 2.40917e-06
569.282 , 0.999998 , 2.48571e-06
570.534 , 0.999997 , 2.5697e-06
571.786 , 0.999997 , 2.6617e-06
573.038 , 0.999997 , 2.76231e-06
574.29 , 0.999997 , 2.87225e-06
575.543 , 0.999997 , 2.99227e-06
576.795 , 0.999997 , 3.12326e-06
578.047 , 0.999997 , 3.26616e-06
579.299 , 0.999997 , 3.42208e-06
580.551 , 0.999996 , 3.5922e-06
581.803 , 0.999996 , 3.77789e-06
583.055 , 0.999996 , 3.98066e-06
584.307 , 0.999996 , 4.20219e-06
585.559 , 0.999996 , 4.44438e-06
586.811 , 0.999995 , 4.70937e-06
588.063 , 0.999995 , 4.99955e-06
589.316 , 0.999995 , 5.31759e-06
590.568 , 0.999994 , 5.66655e-06
591.82 , 0.999994 , 6.04983e-06
593.072 , 0.999994 , 6.4713e-06
594.324 , 0.999993 , 6.93532e-06
595.576 , 0.999993 , 7.44684e-06
596.828 , 0.999992 , 8.01148e-06
598.08 , 0.999991 , 8.63561e-06
599.332 , 0.999991 , 9.32651e-06
600.584 , 0.99999 , 1.00925e-05
601.836 , 0.999989 , 1.09429e-05
603.088 , 0.999988 , 1.18888e-05
604.341 , 0.999987 , 1.29424e-05
605.593 , 0.999986 , 1.41181e-05
606.845 , 0.999985 , 1.54324e-05
608.097 , 0.999983 , 1.69042e-05
609.349 , 0.999981 , 1.85556e-05
610.601 , 0.99998 , 2.04118e-05
611.853 , 0.999977 , 2.25027e-05
613.105 , 0.999975 , 2.48625e-05
614.357 , 0.999972 , 2.75316e-05
615.609 , 0.999969 , 3.05569e-05
616.861 , 0.999966 , 3.39938e-05
618.114 , 0.999962 , 3.79072e-05
619.366 , 0.999958 , 4.23739e-05
620.618 , 0.999953 , 4.74846e-05
621.87 , 0.999947 , 5.33471e-05
623.122 , 0.99994 , 6.00897e-05
624.374 , 0.999932 , 6.78658e-05
625.626 , 0.999923 , 7.68592e-05
626.878 , 0.999913 , 8.7291e-05
628.13 , 0.999901 , 9.94285e-05
629.382 , 0.999886 , 0.000113595
630.634 , 0.99987 , 0.000130186
631.886 , 0.99985 , 0.000149682
633.139 , 0.999827 , 0.000172676
634.391 , 0.9998 , 0.000199898
635.643 , 0.999768 , 0.000232255
636.895 , 0.999729 , 0.000270875
638.147 , 0.999683 , 0.000317176
639.399 , 0.999627 , 0.000372944
640.651 , 0.99956 , 0.000440448
641.903 , 0.999477 , 0.000522586
643.155 , 0.999377 , 0.000623092
644.407 , 0.999253 , 0.000746809
645.659 , 0.9991 , 0.000900075
646.912 , 0.998909 , 0.00109126
648.164 , 0.998668 , 0.00133152
649.416 , 0.998364 , 0.00163591
650.668 , 0.997975 , 0.00202495
651.92 , 0.997473 , 0.00252699
653.172 , 0.996818 , 0.00318178
654.424 , 0.995954 , 0.0040459
655.676 , 0.994799 , 0.00520136
656.928 , 0.993231 , 0.00676935
658.18 , 0.991067 , 0.00893306
659.432 , 0.988024 , 0.0119764
660.684 , 0.983648 , 0.0163522
661.937 , 0.977193 , 0.0228068
663.189 , 0.967383 , 0.0326171
664.441 , 0.951939 , 0.048061
665.693 , 0.926608 , 0.0733922
666.945 , 0.883088 , 0.116912
668.197 , 0.804757 , 0.195243
669.449 , 0.660071 , 0.339929
670.701 , 0.4098 , 0.5902
671.953 , 0.107683 , 0.892317
673.205 , 0.0134852 , 0.986515
674.457 , 0.17365 , 0.82635
675.71 , 0.36869 , 0.63131
676.962 , 0.509852 , 0.490148
678.214 , 0.601481 , 0.398519
679.466 , 0.660191 , 0.339809
680.718 , 0.697816 , 0.302184
681.97 , 0.721474 , 0.278526
683.222 , 0.735327 , 0.264673
684.474 , 0.741802 , 0.258198
685.726 , 0.74228 , 0.25772
686.978 , 0.737491 , 0.262509
688.23 , 0.727713 , 0.272287
689.482 , 0.712897 , 0.287103
690.735 , 0.692729 , 0.307271
691.987 , 0.666672 , 0.333328
693.239 , 0.634005 , 0.365995
694.491 , 0.593882 , 0.406118
695.743 , 0.545449 , 0.454551
696.995 , 0.488045 , 0.511955
698.247 , 0.421563 , 0.578437
699.499 , 0.346975 , 0.653025
700.751 , 0.266986 , 0.733014
702.003 , 0.186578 , 0.813422
703.255 , 0.112981 , 0.887019
704.508 , 0.0545572 , 0.945443
705.76 , 0.018556 , 0.981444
707.012 , 0.00865233 , 0.991348
708.264 , 0.0237343 , 0.976266
709.516 , 0.0586936 , 0.941306
710.768 , 0.106548 , 0.893452
712.02 , 0.160552 , 0.839448
713.272 , 0.215426 , 0.784574
714.524 , 0.267664 , 0.732336
715.776 , 0.315284 , 0.684716
717.028 , 0.357394 , 0.642606
718.28 , 0.393792 , 0.606208
719.533 , 0.424657 , 0.575343
720.785 , 0.450357 , 0.549643
722.037 , 0.47132 , 0.52868
723.289 , 0.487972 , 0.512028
724.541 , 0.500697 , 0.499303
725.793 , 0.509829 , 0.490171
727.045 , 0.515643 , 0.484357
728.297 , 0.518356 , 0.481644
729.549 , 0.518134 , 0.481866
730.801 , 0.515099 , 0.484901
732.053 , 0.50933 , 0.49067
733.306 , 0.500873 , 0.499127
734.558 , 0.489748 , 0.510252
735.81 , 0.475957 , 0.524043
737.062 , 0.459491 , 0.540509
738.314 , 0.440343 , 0.559657
739.566 , 0.418518 , 0.581482
740.818 , 0.394055 , 0.605945
742.07 , 0.367036 , 0.632964
743.322 , 0.337619 , 0.662381
744.574 , 0.306052 , 0.693948
745.826 , 0.272704 , 0.727296
747.078 , 0.238086 , 0.761914
748.331 , 0.202861 , 0.797139
749.583 , 0.167852 , 0.832148
750.835 , 0.134023 , 0.865977
752.087 , 0.102437 , 0.897563
753.339 , 0.0741916 , 0.925808
754.591 , 0.0503327 , 0.949667
755.843 , 0.0317576 , 0.968242
757.095 , 0.0191227 , 0.980877
758.347 , 0.0127743 , 0.987226
759.599 , 0.0127168 , 0.987283
760.851 , 0.018623 , 0.981377
762.104 , 0.0298847 , 0.970115
763.356 , 0.0456899 , 0.95431
764.608 , 0.0651121 , 0.934888
765.86 , 0.0871945 , 0.912805
767.112 , 0.11102 , 0.88898
768.364 , 0.135761 , 0.864239
769.616 , 0.160706 , 0.839294
770.868 , 0.18527 , 0.81473
772.12 , 0.208996 , 0.791004
773.372 , 0.231535 , 0.768465
774.624 , 0.25264 , 0.74736
775.876 , 0.272143 , 0.727857
777.129 , 0.289938 , 0.710062
778.381 , 0.305969 , 0.694031
779.633 , 0.320217 , 0.679783
780.885 , 0.332688 , 0.667312
782.137 , 0.343406 , 0.656594
783.389 , 0.352404 , 0.647596
784.641 , 0.359723 , 0.640277
785.893 , 0.365407 , 0.634593
787.145 , 0.369499 , 0.630501
788.397 , 0.372041 , 0.627959
789.649 , 0.373073 , 0.626927
790.902 , 0.372631 , 0.627369
792.154 , 0.370751 , 0.629249
793.406 , 0.367462 , 0.632538
794.658 , 0.362795 , 0.637205
795.91 , 0.356778 , 0.643222
797.162 , 0.349441 , 0.650559
798.414 , 0.340814 , 0.659186
799.666 , 0.330931 , 0.669069
800.918 , 0.319831 , 0.680169
802.17 , 0.307559 , 0.692441
803.422 , 0.294171 , 0.705829
804.674 , 0.279734 , 0.720266
805.927 , 0.264329 , 0.735671
807.179 , 0.248054 , 0.751946
808.431 , 0.231025 , 0.768975
809.683 , 0.213377 , 0.786623
810.935 , 0.19527 , 0.80473
812.187 , 0.176883 , 0.823117
813.439 , 0.158419 , 0.841581
814.691 , 0.1401 , 0.8599
815.943 , 0.122166 , 0.877834
817.195 , 0.10487 , 0.89513
818.447 , 0.0884694 , 0.911531
819.699 , 0.0732228 , 0.926777
820.952 , 0.0593785 , 0.940622
822.204 , 0.0471665 , 0.952834
823.456 , 0.036789 , 0.963211
824.708 , 0.0284121 , 0.971588
825.96 , 0.0221589 , 0.977841
827.212 , 0.0181037 , 0.981896
828.464 , 0.0162699 , 0.98373
829.716 , 0.0166297 , 0.98337
830.968 , 0.0191064 , 0.980894
832.22 , 0.0235793 , 0.976421
833.472 , 0.0298905 , 0.97011
834.725 , 0.0378525 , 0.962147
835.977 , 0.0472572 , 0.952743
837.229 , 0.0578835 , 0.942116
838.481 , 0.0695064 , 0.930494
839.733 , 0.0819029 , 0.918097
840.985 , 0.0948584 , 0.905142
842.237 , 0.108171 , 0.891829
843.489 , 0.121655 , 0.878345
844.741 , 0.135143 , 0.864857
845.993 , 0.148485 , 0.851515
847.245 , 0.161552 , 0.838448
848.497 , 0.174232 , 0.825768
849.75 , 0.186431 , 0.813569
851.002 , 0.19807 , 0.80193
852.254 , 0.209086 , 0.790914
853.506 , 0.219429 , 0.780571
854.758 , 0.229058 , 0.770942
856.01 , 0.237944 , 0.762056
857.262 , 0.246065 , 0.753935
858.514 , 0.253407 , 0.746593
859.766 , 0.25996 , 0.74004
861.018 , 0.265719 , 0.734281
862.27 , 0.270685 , 0.729315
863.523 , 0.274859 , 0.725141
864.775 , 0.278247 , 0.721753
866.027 , 0.280855 , 0.719145
867.279 , 0.282693 , 0.717307
868.531 , 0.283769 , 0.716231
869.783 , 0.284094 , 0.715906
871.035 , 0.28368 , 0.71632
872.287 , 0.28254 , 0.71746
873.539 , 0.280686 , 0.719314
874.791 , 0.278133 , 0.721867
876.043 , 0.274895 , 0.725105
877.295 , 0.27099 , 0.72901
878.548 , 0.266435 , 0.733565
879.8 , 0.261248 , 0.738752
881.052 , 0.25545 , 0.74455
882.304 , 0.249065 , 0.750935
883.556 , 0.242118 , 0.757882
884.808 , 0.234636 , 0.765364
886.06 , 0.226651 , 0.773349
887.312 , 0.218196 , 0.781804
888.564 , 0.20931 , 0.79069
889.816 , 0.200033 , 0.799967
891.068 , 0.19041 , 0.80959
892.321 , 0.180492 , 0.819508
893.573 , 0.170332 , 0.829668
894.825 , 0.159988 , 0.840012
896.077 , 0.149522 , 0.850478
897.329 , 0.139 , 0.861
898.581 , 0.128493 , 0.871507
899.833 , 0.118071 , 0.881929
901.085 , 0.107811 , 0.892189
902.337 , 0.0977902 , 0.90221
903.589 , 0.0880854 , 0.911915
904.841 , 0.0787746 , 0.921225
906.093 , 0.069934 , 0.930066
907.346 , 0.0616374 , 0.938363
908.598 , 0.0539546 , 0.946045
909.85 , 0.0469508 , 0.953049
911.102 , 0.0406845 , 0.959315
912.354 , 0.0352073 , 0.964793
913.606 , 0.0305622 , 0.969438
914.858 , 0.0267831 , 0.973217
916.11 , 0.0238939 , 0.976106
917.362 , 0.0219087 , 0.978091
918.614 , 0.0208308 , 0.979169
919.866 , 0.0206534 , 0.979347
921.119 , 0.0213596 , 0.97864
922.371 , 0.0229233 , 0.977077
923.623 , 0.0253096 , 0.97469
924.875 , 0.0284757 , 0.971524
926.127 , 0.0323724 , 0.967628
927.379 , 0.0369445 , 0.963056
928.631 , 0.0421327 , 0.957867
929.883 , 0.0478743 , 0.952126
931.135 , 0.0541046 , 0.945895
932.387 , 0.0607577 , 0.939242
933.639 , 0.0677678 , 0.932232
934.891 , 0.0750698 , 0.92493
936.144 , 0.0826003 , 0.9174
937.396 , 0.0902981 , 0.909702
938.648 , 0.0981049 , 0.901895
939.9 , 0.105965 , 0.894035
941.152 , 0.113828 , 0.886172
942.404 , 0.121645 , 0.878355
943.656 , 0.129371 , 0.870629
944.908 , 0.136967 , 0.863033
946.16 , 0.144395 , 0.855605
947.412 , 0.151622 , 0.848378
948.664 , 0.15862 , 0.84138
949.917 , 0.165361 , 0.834639
951.169 , 0.171824 , 0.828176
952.421 , 0.177987 , 0.822013
953.673 , 0.183834 , 0.816166
954.925 , 0.18935 , 0.81065
956.177 , 0.194522 , 0.805478
957.429 , 0.19934 , 0.80066
958.681 , 0.203795 , 0.796205
959.933 , 0.207882 , 0.792118
961.185 , 0.211594 , 0.788406
962.437 , 0.214929 , 0.785071
963.689 , 0.217883 , 0.782117
964.942 , 0.220456 , 0.779544
966.194 , 0.222646 , 0.777354
967.446 , 0.224455 , 0.775545
968.698 , 0.225883 , 0.774117
969.95 , 0.226933 , 0.773067
971.202 , 0.227608 , 0.772392
972.454 , 0.227911 , 0.772089
973.706 , 0.227846 , 0.772154
974.958 , 0.227418 , 0.772582
976.21 , 0.226631 , 0.773369
977.462 , 0.225491 , 0.774509
978.715 , 0.224005 , 0.775995
979.967 , 0.222179 , 0.777821
981.219 , 0.220021 , 0.779979
982.471 , 0.217538 , 0.782462
983.723 , 0.214738 , 0.785262
984.975 , 0.211631 , 0.788369
986.227 , 0.208226 , 0.791774
987.479 , 0.204533 , 0.795467
988.731 , 0.200564 , 0.799436
989.983 , 0.196331 , 0.803669
991.235 , 0.191845 , 0.808155
992.487 , 0.187121 , 0.812879
993.74 , 0.182171 , 0.817829
994.992 , 0.177013 , 0.822987
996.244 , 0.17166 , 0.82834
997.496 , 0.166131 , 0.833869
998.748 , 0.160443 , 0.839557
1000 , 0.154615 , 0.845385
