250 , 0.0475431 , 0.952457
251.252 , 0.0432706 , 0.956729
252.504 , 0.05065 , 0.94935
253.756 , 0.06644 , 0.93356
255.008 , 0.0853093 , 0.914691
256.26 , 0.101977 , 0.898023
257.513 , 0.112594 , 0.887406
258.765 , 0.115199 , 0.884801
260.017 , 0.109648 , 0.890352
261.269 , 0.0974008 , 0.902599
262.521 , 0.0812661 , 0.918734
263.773 , 0.0649712 , 0.935029
265.025 , 0.052411 , 0.947589
266.277 , 0.046616 , 0.953384
267.529 , 0.0488169 , 0.951183
268.781 , 0.0581046 , 0.941895
270.033 , 0.071881 , 0.928119
271.285 , 0.0868039 , 0.913196
272.538 , 0.0997218 , 0.900278
273.79 , 0.10827 , 0.89173
275.042 , 0.111108 , 0.888892
276.294 , 0.107928 , 0.892072
277.546 , 0.0993918 , 0.900608
278.798 , 0.0870176 , 0.912982
280.05 , 0.073021 , 0.926979
281.302 , 0.0600131 , 0.939987
282.554 , 0.0505342 , 0.949466
283.806 , 0.0464864 , 0.953514
285.058 , 0.0486538 , 0.951346
286.311 , 0.0565207 , 0.943479
287.563 , 0.0684718 , 0.931528
288.815 , 0.0822675 , 0.917732
290.067 , 0.0955771 , 0.904423
291.319 , 0.106391 , 0.893609
292.571 , 0.113253 , 0.886747
293.823 , 0.115332 , 0.884668
295.075 , 0.112429 , 0.887571
296.327 , 0.104937 , 0.895063
297.579 , 0.0938122 , 0.906188
298.831 , 0.0805124 , 0.919488
300.083 , 0.0668811 , 0.933119
301.336 , 0.0549379 , 0.945062
302.588 , 0.0465689 , 0.953431
303.84 , 0.0431704 , 0.95683
305.092 , 0.0453518 , 0.954648
306.344 , 0.0528107 , 0.947189
307.596 , 0.0644282 , 0.935572
308.848 , 0.0785434 , 0.921457
310.1 , 0.093295 , 0.906705
311.352 , 0.106922 , 0.893078
312.604 , 0.117961 , 0.882039
313.856 , 0.125345 , 0.874655
315.109 , 0.128422 , 0.871578
316.361 , 0.12694 , 0.87306
317.613 , 0.121034 , 0.878966
318.865 , 0.111211 , 0.888789
320.117 , 0.0983452 , 0.901655
321.369 , 0.0836633 , 0.916337
322.621 , 0.0686847 , 0.931315
323.873 , 0.0551033 , 0.944897
325.125 , 0.0445926 , 0.955407
326.377 , 0.0385561 , 0.961444
327.629 , 0.0378805 , 0.962119
328.881 , 0.042767 , 0.957233
330.134 , 0.0526998 , 0.9473
331.386 , 0.0665638 , 0.933436
332.638 , 0.0828663 , 0.917134
333.89 , 0.0999868 , 0.900013
335.142 , 0.116389 , 0.883611
336.394 , 0.130762 , 0.869238
337.646 , 0.142081 , 0.857919
338.898 , 0.149622 , 0.850378
340.15 , 0.152942 , 0.847058
341.402 , 0.151854 , 0.848146
342.654 , 0.14641 , 0.85359
343.907 , 0.136903 , 0.863097
345.159 , 0.123874 , 0.876126
346.411 , 0.108134 , 0.891866
347.663 , 0.0907731 , 0.909227
348.915 , 0.0731392 , 0.926861
350.167 , 0.0567726 , 0.943227
351.419 , 0.0432729 , 0.956727
352.671 , 0.0341074 , 0.965893
353.923 , 0.0303934 , 0.969607
355.175 , 0.0327065 , 0.967293
356.427 , 0.0409764 , 0.959024
357.679 , 0.0545053 , 0.945495
358.932 , 0.0721017 , 0.927898
360.184 , 0.0922853 , 0.907715
361.436 , 0.113501 , 0.886499
362.688 , 0.134291 , 0.865709
363.94 , 0.153406 , 0.846594
365.192 , 0.169848 , 0.830152
366.444 , 0.182871 , 0.817129
367.696 , 0.191954 , 0.808046
368.948 , 0.196762 , 0.803238
370.2 , 0.197122 , 0.802878
371.452 , 0.192996 , 0.807004
372.705 , 0.184484 , 0.815516
373.957 , 0.171838 , 0.828162
375.209 , 0.155489 , 0.844511
376.461 , 0.136092 , 0.863908
377.713 , 0.114565 , 0.885435
378.965 , 0.0921172 , 0.907883
380.217 , 0.0702439 , 0.929756
381.469 , 0.0506547 , 0.949345
382.721 , 0.0351315 , 0.964868
383.973 , 0.0253122 , 0.974688
385.225 , 0.0224389 , 0.977561
386.477 , 0.0271346 , 0.972865
387.73 , 0.039279 , 0.960721
388.982 , 0.0580287 , 0.941971
390.234 , 0.0819748 , 0.918025
391.486 , 0.109385 , 0.890615
392.738 , 0.138456 , 0.861544
393.99 , 0.167518 , 0.832482
395.242 , 0.195152 , 0.804848
396.494 , 0.220244 , 0.779756
397.746 , 0.241967 , 0.758033
398.998 , 0.259735 , 0.740265
400.25 , 0.273154 , 0.726846
401.503 , 0.281958 , 0.718042
402.755 , 0.285972 , 0.714028
404.007 , 0.285073 , 0.714927
405.259 , 0.279183 , 0.720817
406.511 , 0.268268 , 0.731732
407.763 , 0.25236 , 0.74764
409.015 , 0.231605 , 0.768395
410.267 , 0.206335 , 0.793665
411.519 , 0.177171 , 0.822829
412.771 , 0.145138 , 0.854862
414.023 , 0.111797 , 0.888203
415.275 , 0.0793165 , 0.920684
416.528 , 0.0504534 , 0.949547
417.78 , 0.0283385 , 0.971662
419.032 , 0.0160432 , 0.983957
420.284 , 0.0159728 , 0.984027
421.536 , 0.0292652 , 0.970735
422.788 , 0.0554413 , 0.944559
424.04 , 0.0924802 , 0.90752
425.292 , 0.137297 , 0.862703
426.544 , 0.186416 , 0.813584
427.796 , 0.236581 , 0.763419
429.048 , 0.28514 , 0.71486
430.301 , 0.330181 , 0.669819
431.553 , 0.370474 , 0.629526
432.805 , 0.405331 , 0.594669
434.057 , 0.434432 , 0.565568
435.309 , 0.457668 , 0.542332
436.561 , 0.475018 , 0.524982
437.813 , 0.486452 , 0.513548
439.065 , 0.491857 , 0.508143
440.317 , 0.490977 , 0.509023
441.569 , 0.48336 , 0.51664
442.821 , 0.468311 , 0.531689
444.073 , 0.444853 , 0.555147
445.326 , 0.411724 , 0.588276
446.578 , 0.367474 , 0.632526
447.83 , 0.310816 , 0.689184
449.082 , 0.241541 , 0.758459
450.334 , 0.162524 , 0.837476
451.586 , 0.083199 , 0.916801
452.838 , 0.0232435 , 0.976756
454.09 , 0.0107141 , 0.989286
455.342 , 0.0669939 , 0.933006
456.594 , 0.186301 , 0.813699
457.846 , 0.336307 , 0.663693
459.098 , 0.482299 , 0.517701
460.351 , 0.605068 , 0.394932
461.603 , 0.700448 , 0.299552
462.855 , 0.771796 , 0.228204
464.107 , 0.824446 , 0.175554
465.359 , 0.863295 , 0.136705
466.611 , 0.892161 , 0.107839
467.863 , 0.913835 , 0.0861646
469.115 , 0.930304 , 0.0696955
470.367 , 0.942973 , 0.0570272
471.619 , 0.952835 , 0.0471646
472.871 , 0.960602 , 0.0393975
474.124 , 0.966786 , 0.033214
475.376 , 0.971759 , 0.0282409
476.628 , 0.975797 , 0.0242033
477.88 , 0.979104 , 0.0208961
479.132 , 0.981835 , 0.0181649
480.384 , 0.984108 , 0.0158922
481.636 , 0.986013 , 0.0139874
482.888 , 0.98762 , 0.0123804
484.14 , 0.988984 , 0.0110163
485.392 , 0.990149 , 0.00985147
486.644 , 0.991148 , 0.00885152
487.896 , 0.992011 , 0.00798871
489.149 , 0.992759 , 0.00724065
490.401 , 0.993411 , 0.00658917
491.653 , 0.993981 , 0.00601939
492.905 , 0.994481 , 0.00551908
494.157 , 0.994922 , 0.00507813
495.409 , 0.995312 , 0.0046881
496.661 , 0.995658 , 0.00434196
497.913 , 0.995966 , 0.00403381
499.165 , 0.996241 , 0.00375866
500.417 , 0.996488 , 0.00351229
501.669 , 0.996709 , 0.0032911
502.922 , 0.996908 , 0.00309203
504.174 , 0.997088 , 0.00291245
505.426 , 0.99725 , 0.00275009
506.678 , 0.997397 , 0.002603
507.93 , 0.99753 , 0.0024695
509.182 , 0.997652 , 0.00234811
510.434 , 0.997762 , 0.00223756
511.686 , 0.997863 , 0.00213672
512.938 , 0.997955 , 0.00204462
514.19 , 0.99804 , 0.0019604
515.442 , 0.998117 , 0.0018833
516.694 , 0.998187 , 0.00181266
517.947 , 0.998252 , 0.00174788
519.199 , 0.998312 , 0.00168844
520.451 , 0.998366 , 0.00163388
521.703 , 0.998416 , 0.00158379
522.955 , 0.998462 , 0.00153779
524.207 , 0.998504 , 0.00149557
525.459 , 0.998543 , 0.00145682
526.711 , 0.998579 , 0.00142129
527.963 , 0.998611 , 0.00138873
529.215 , 0.998641 , 0.00135895
530.467 , 0.998668 , 0.00133176
531.72 , 0.998693 , 0.00130698
532.972 , 0.998716 , 0.00128446
534.224 , 0.998736 , 0.00126406
535.476 , 0.998754 , 0.00124568
536.728 , 0.998771 , 0.00122919
537.98 , 0.998786 , 0.0012145
539.232 , 0.998798 , 0.00120152
540.484 , 0.99881 , 0.00119018
541.736 , 0.99882 , 0.0011804
542.988 , 0.998828 , 0.00117213
544.24 , 0.998835 , 0.00116531
545.492 , 0.99884 , 0.0011599
546.745 , 0.998844 , 0.00115585
547.997 , 0.998847 , 0.00115314
549.249 , 0.998848 , 0.00115173
550.501 , 0.998848 , 0.0011516
551.753 , 0.998847 , 0.00115273
553.005 , 0.998845 , 0.00115512
554.257 , 0.998841 , 0.00115875
555.509 , 0.998836 , 0.00116362
556.761 , 0.99883 , 0.00116972
558.013 , 0.998823 , 0.00117707
559.265 , 0.998814 , 0.00118567
560.518 , 0.998804 , 0.00119554
561.77 , 0.998793 , 0.00120669
563.022 , 0.998781 , 0.00121915
564.274 , 0.998767 , 0.00123294
565.526 , 0.998752 , 0.00124809
566.778 , 0.998735 , 0.00126464
568.03 , 0.998717 , 0.00128262
569.282 , 0.998698 , 0.00130209
570.534 , 0.998677 , 0.00132308
571.786 , 0.998654 , 0.00134566
573.038 , 0.99863 , 0.00136989
574.29 , 0.998604 , 0.00139583
575.543 , 0.998576 , 0.00142354
576.795 , 0.998547 , 0.00145312
578.047 , 0.998515 , 0.00148465
579.299 , 0.998482 , 0.00151821
580.551 , 0.998446 , 0.00155391
581.803 , 0.998408 , 0.00159186
583.055 , 0.998368 , 0.00163217
584.307 , 0.998325 , 0.00167497
585.559 , 0.99828 , 0.00172039
586.811 , 0.998231 , 0.00176858
588.063 , 0.99818 , 0.00181971
589.316 , 0.998126 , 0.00187394
590.568 , 0.998069 , 0.00193146
591.82 , 0.998008 , 0.00199246
593.072 , 0.997943 , 0.00205717
594.324 , 0.997874 , 0.00212582
595.576 , 0.997801 , 0.00219867
596.828 , 0.997724 , 0.00227597
598.08 , 0.997642 , 0.00235804
599.332 , 0.997555 , 0.00244519
600.584 , 0.997462 , 0.00253776
601.836 , 0.997364 , 0.00263614
603.088 , 0.997259 , 0.00274073
604.341 , 0.997148 , 0.00285197
605.593 , 0.99703 , 0.00297035
606.845 , 0.996904 , 0.00309638
608.097 , 0.996769 , 0.00323064
609.349 , 0.996626 , 0.00337375
610.601 , 0.996474 , 0.00352637
611.853 , 0.996311 , 0.00368925
613.105 , 0.996137 , 0.00386319
614.357 , 0.995951 , 0.00404906
615.609 , 0.995752 , 0.00424783
616.861 , 0.995539 , 0.00446055
618.114 , 0.995312 , 0.00468836
619.366 , 0.995067 , 0.00493255
620.618 , 0.994806 , 0.00519449
621.87 , 0.994524 , 0.00547571
623.122 , 0.994222 , 0.0057779
624.374 , 0.993897 , 0.00610291
625.626 , 0.993547 , 0.00645279
626.878 , 0.99317 , 0.0068298
628.13 , 0.992764 , 0.00723645
629.382 , 0.992324 , 0.00767551
630.634 , 0.99185 , 0.00815006
631.886 , 0.991336 , 0.00866353
633.139 , 0.99078 , 0.00921972
634.391 , 0.990177 , 0.00982288
635.643 , 0.989522 , 0.0104777
636.895 , 0.98881 , 0.0111896
638.147 , 0.988036 , 0.0119644
639.399 , 0.987191 , 0.0128088
640.651 , 0.98627 , 0.0137303
641.903 , 0.985263 , 0.0147372
643.155 , 0.984161 , 0.0158391
644.407 , 0.982953 , 0.0170467
645.659 , 0.981628 , 0.0183722
646.912 , 0.980171 , 0.0198292
648.164 , 0.978567 , 0.0214334
649.416 , 0.976797 , 0.0232026
650.668 , 0.974843 , 0.0251571
651.92 , 0.97268 , 0.0273201
653.172 , 0.970282 , 0.0297182
654.424 , 0.967618 , 0.0323819
655.676 , 0.964654 , 0.0353462
656.928 , 0.961348 , 0.0386517
658.18 , 0.957655 , 0.0423451
659.432 , 0.95352 , 0.0464804
660.684 , 0.94888 , 0.0511203
661.937 , 0.943662 , 0.0563377
663.189 , 0.937783 , 0.0622173
664.441 , 0.931142 , 0.0688578
665.693 , 0.923626 , 0.0763744
666.945 , 0.915099 , 0.0849015
668.197 , 0.905404 , 0.0945957
669.449 , 0.89436 , 0.10564
670.701 , 0.881753 , 0.118247
671.953 , 0.867336 , 0.132664
673.205 , 0.850824 , 0.149176
674.457 , 0.831891 , 0.168109
675.71 , 0.810166 , 0.189834
676.962 , 0.785237 , 0.214763
678.214 , 0.756653 , 0.243347
679.466 , 0.723942 , 0.276058
680.718 , 0.686634 , 0.313366
681.97 , 0.644303 , 0.355697
683.222 , 0.596636 , 0.403364
684.474 , 0.543525 , 0.456475
685.726 , 0.485183 , 0.514817
686.978 , 0.422291 , 0.577709
688.23 , 0.356119 , 0.643881
689.482 , 0.28862 , 0.71138
690.735 , 0.2224 , 0.7776
691.987 , 0.160544 , 0.839456
693.239 , 0.106255 , 0.893745
694.491 , 0.0623896 , 0.93761
695.743 , 0.0309824 , 0.969018
696.995 , 0.012925 , 0.987075
698.247 , 0.00789487 , 0.992105
699.499 , 0.0145387 , 0.985461
700.751 , 0.0308218 , 0.969178
702.003 , 0.0544194 , 0.945581
703.255 , 0.0830479 , 0.916952
704.508 , 0.114684 , 0.885316
705.76 , 0.147672 , 0.852328
707.012 , 0.180745 , 0.819255
708.264 , 0.212988 , 0.787012
709.516 , 0.243785 , 0.756215
710.768 , 0.272751 , 0.727249
712.02 , 0.299673 , 0.700327
713.272 , 0.324464 , 0.675536
714.524 , 0.347119 , 0.652881
715.776 , 0.367688 , 0.632312
717.028 , 0.386257 , 0.613743
718.28 , 0.402928 , 0.597072
719.533 , 0.417812 , 0.582188
720.785 , 0.431024 , 0.568976
722.037 , 0.442671 , 0.557329
723.289 , 0.452859 , 0.547141
724.541 , 0.461685 , 0.538315
725.793 , 0.469237 , 0.530763
727.045 , 0.475596 , 0.524404
728.297 , 0.480835 , 0.519165
729.549 , 0.48502 , 0.51498
730.801 , 0.488208 , 0.511792
732.053 , 0.490451 , 0.509549
733.306 , 0.491795 , 0.508205
734.558 , 0.49228 , 0.50772
735.81 , 0.491942 , 0.508058
737.062 , 0.49081 , 0.50919
738.314 , 0.488912 , 0.511088
739.566 , 0.486271 , 0.513729
740.818 , 0.482907 , 0.517093
742.07 , 0.47884 , 0.52116
743.322 , 0.474083 , 0.525917
744.574 , 0.468651 , 0.531349
745.826 , 0.462557 , 0.537443
747.078 , 0.455812 , 0.544188
748.331 , 0.448426 , 0.551574
749.583 , 0.440412 , 0.559588
750.835 , 0.431778 , 0.568222
752.087 , 0.422537 , 0.577463
753.339 , 0.412701 , 0.587299
754.591 , 0.402283 , 0.597717
755.843 , 0.391299 , 0.608701
757.095 , 0.379766 , 0.620234
758.347 , 0.367705 , 0.632295
759.599 , 0.355139 , 0.644861
760.851 , 0.342095 , 0.657905
762.104 , 0.328603 , 0.671397
763.356 , 0.314699 , 0.685301
764.608 , 0.300422 , 0.699578
765.86 , 0.285816 , 0.714184
767.112 , 0.270932 , 0.729068
768.364 , 0.255823 , 0.744177
769.616 , 0.24055 , 0.75945
770.868 , 0.225179 , 0.774821
772.12 , 0.209779 , 0.790221
773.372 , 0.194426 , 0.805574
774.624 , 0.179198 , 0.820802
775.876 , 0.164178 , 0.835822
777.129 , 0.14945 , 0.85055
778.381 , 0.135102 , 0.864898
779.633 , 0.121219 , 0.878781
780.885 , 0.107889 , 0.892111
782.137 , 0.0951945 , 0.904806
783.389 , 0.0832163 , 0.916784
784.641 , 0.07203 , 0.92797
785.893 , 0.0617045 , 0.938296
787.145 , 0.0523015 , 0.947699
788.397 , 0.0438739 , 0.956126
789.649 , 0.036465 , 0.963535
790.902 , 0.0301078 , 0.969892
792.154 , 0.0248242 , 0.975176
793.406 , 0.0206253 , 0.979375
794.658 , 0.017511 , 0.982489
795.91 , 0.0154703 , 0.98453
797.162 , 0.0144819 , 0.985518
798.414 , 0.0145153 , 0.985485
799.666 , 0.0155308 , 0.984469
800.918 , 0.0174816 , 0.982518
802.17 , 0.020314 , 0.979686
803.422 , 0.0239692 , 0.976031
804.674 , 0.0283845 , 0.971615
805.927 , 0.033494 , 0.966506
807.179 , 0.0392303 , 0.96077
808.431 , 0.0455251 , 0.954475
809.683 , 0.0523105 , 0.947689
810.935 , 0.0595196 , 0.94048
812.187 , 0.0670873 , 0.932913
813.439 , 0.0749511 , 0.925049
814.691 , 0.0830511 , 0.916949
815.943 , 0.0913308 , 0.908669
817.195 , 0.0997374 , 0.900263
818.447 , 0.108221 , 0.891779
819.699 , 0.116738 , 0.883262
820.952 , 0.125244 , 0.874756
822.204 , 0.133703 , 0.866297
823.456 , 0.142079 , 0.857921
824.708 , 0.150343 , 0.849657
825.96 , 0.158467 , 0.841533
827.212 , 0.166427 , 0.833573
828.464 , 0.1742 , 0.8258
829.716 , 0.181769 , 0.818231
830.968 , 0.189117 , 0.810883
832.22 , 0.196231 , 0.803769
833.472 , 0.2031 , 0.7969
834.725 , 0.209712 , 0.790288
835.977 , 0.216062 , 0.783938
837.229 , 0.222142 , 0.777858
838.481 , 0.227947 , 0.772053
839.733 , 0.233474 , 0.766526
840.985 , 0.238719 , 0.761281
842.237 , 0.243682 , 0.756318
843.489 , 0.248362 , 0.751638
844.741 , 0.252759 , 0.747241
845.993 , 0.256872 , 0.743128
847.245 , 0.260704 , 0.739296
848.497 , 0.264256 , 0.735744
849.75 , 0.26753 , 0.73247
851.002 , 0.270528 , 0.729472
852.254 , 0.273253 , 0.726747
853.506 , 0.275709 , 0.724291
854.758 , 0.277897 , 0.722103
856.01 , 0.279822 , 0.720178
857.262 , 0.281487 , 0.718513
858.514 , 0.282895 , 0.717105
859.766 , 0.28405 , 0.71595
861.018 , 0.284956 , 0.715044
862.27 , 0.285616 , 0.714384
863.523 , 0.286034 , 0.713966
864.775 , 0.286215 , 0.713785
866.027 , 0.286161 , 0.713839
867.279 , 0.285876 , 0.714124
868.531 , 0.285365 , 0.714635
869.783 , 0.284632 , 0.715368
871.035 , 0.28368 , 0.71632
872.287 , 0.282513 , 0.717487
873.539 , 0.281135 , 0.718865
874.791 , 0.279551 , 0.720449
876.043 , 0.277764 , 0.722236
877.295 , 0.275778 , 0.724222
878.548 , 0.273599 , 0.726401
879.8 , 0.271229 , 0.728771
881.052 , 0.268673 , 0.731327
882.304 , 0.265936 , 0.734064
883.556 , 0.263022 , 0.736978
884.808 , 0.259936 , 0.740064
886.06 , 0.256682 , 0.743318
887.312 , 0.253266 , 0.746734
888.564 , 0.249692 , 0.750308
889.816 , 0.245966 , 0.754034
891.068 , 0.242093 , 0.757907
892.321 , 0.238078 , 0.761922
893.573 , 0.233927 , 0.766073
894.825 , 0.229645 , 0.770355
896.077 , 0.22524 , 0.77476
897.329 , 0.220717 , 0.779283
898.581 , 0.216083 , 0.783917
899.833 , 0.211344 , 0.788656
901.085 , 0.206507 , 0.793493
902.337 , 0.201579 , 0.798421
903.589 , 0.196568 , 0.803432
904.841 , 0.191482 , 0.808518
906.093 , 0.186327 , 0.813673
907.346 , 0.181112 , 0.818888
908.598 , 0.175846 , 0.824154
909.85 , 0.170536 , 0.829464
911.102 , 0.165191 , 0.834809
912.354 , 0.159821 , 0.840179
913.606 , 0.154433 , 0.845567
914.858 , 0.149038 , 0.850962
916.11 , 0.143644 , 0.856356
917.362 , 0.13826 , 0.86174
918.614 , 0.132897 , 0.867103
919.866 , 0.127564 , 0.872436
921.119 , 0.12227 , 0.87773
922.371 , 0.117025 , 0.882975
923.623 , 0.111838 , 0.888162
924.875 , 0.10672 , 0.89328
926.127 , 0.10168 , 0.89832
927.379 , 0.0967274 , 0.903273
928.631 , 0.091871 , 0.908129
929.883 , 0.0871204 , 0.91288
931.135 , 0.0824844 , 0.917516
932.387 , 0.0779719 , 0.922028
933.639 , 0.0735911 , 0.926409
934.891 , 0.0693504 , 0.93065
936.144 , 0.0652575 , 0.934742
937.396 , 0.0613199 , 0.93868
938.648 , 0.0575447 , 0.942455
939.9 , 0.0539384 , 0.946062
941.152 , 0.0505073 , 0.949493
942.404 , 0.047257 , 0.952743
943.656 , 0.0441928 , 0.955807
944.908 , 0.0413193 , 0.958681
946.16 , 0.0386408 , 0.961359
947.412 , 0.0361606 , 0.963839
948.664 , 0.033882 , 0.966118
949.917 , 0.0318073 , 0.968193
951.169 , 0.0299383 , 0.970062
952.421 , 0.0282765 , 0.971724
953.673 , 0.0268224 , 0.973178
954.925 , 0.0255762 , 0.974424
956.177 , 0.0245375 , 0.975463
957.429 , 0.0237052 , 0.976295
958.681 , 0.0230779 , 0.976922
959.933 , 0.0226534 , 0.977347
961.185 , 0.0224292 , 0.977571
962.437 , 0.0224023 , 0.977598
963.689 , 0.0225691 , 0.977431
964.942 , 0.0229256 , 0.977074
966.194 , 0.0234675 , 0.976532
967.446 , 0.0241901 , 0.97581
968.698 , 0.0250882 , 0.974912
969.95 , 0.0261564 , 0.973844
971.202 , 0.027389 , 0.972611
972.454 , 0.0287801 , 0.97122
973.706 , 0.0303233 , 0.969677
974.958 , 0.0320124 , 0.967988
976.21 , 0.0338407 , 0.966159
977.462 , 0.0358015 , 0.964198
978.715 , 0.037888 , 0.962112
979.967 , 0.0400933 , 0.959907
981.219 , 0.0424105 , 0.957589
982.471 , 0.0448325 , 0.955167
983.723 , 0.0473524 , 0.952648
984.975 , 0.0499632 , 0.950037
986.227 , 0.052658 , 0.947342
987.479 , 0.0554299 , 0.94457
988.731 , 0.0582721 , 0.941728
989.983 , 0.0611779 , 0.938822
991.235 , 0.0641408 , 0.935859
992.487 , 0.0671543 , 0.932846
993.74 , 0.0702122 , 0.929788
994.992 , 0.0733081 , 0.926692
996.244 , 0.0764363 , 0.923564
997.496 , 0.0795907 , 0.920409
998.748 , 0.0827659 , 0.917234
1000 , 0.0859563 , 0.914044
